#Praha
50.144075333,14.400301262
50.147858518,14.401000730
50.147305495,14.404081245
50.147206664,14.408983860
50.147916175,14.415412826
50.149389563,14.421374634
50.152092762,14.421338612
50.152965183,14.421474731
50.152822308,14.426332799
50.152926126,14.428939830
50.156702023,14.428123652
50.158259625,14.428289897
50.158777615,14.430558653
50.158642217,14.435114072
50.158296394,14.436208502
50.157317063,14.436834681
50.156891928,14.437913089
50.155987961,14.442408279
50.155763321,14.449385575
50.156419228,14.456569770
50.157821672,14.462565421
50.158965832,14.465011703
50.163242184,14.464132431
50.164837647,14.464293286
50.165072452,14.466961385
50.169311218,14.466660665
50.169766007,14.470079981
50.169180534,14.477118172
50.169581440,14.479434915
50.172459750,14.479453354
50.173093143,14.482380481
50.172632677,14.487849077
50.170335691,14.500280163
50.170279409,14.505427881
50.170913830,14.507338009
50.173083067,14.508689937
50.174381890,14.517615038
50.173559689,14.519003200
50.173992339,14.524051506
50.177297582,14.526775527
50.175697065,14.532962983
50.167490473,14.533126580
50.165829587,14.532499505
50.164796196,14.531784721
50.161703866,14.532843866
50.164264665,14.539823282
50.162462295,14.542042517
50.162991998,14.545926401
50.165564231,14.548991294
50.164262192,14.551434936
50.162582624,14.553295795
50.161258926,14.560382134
50.155614028,14.564010671
50.154698466,14.560897987
50.149825565,14.563390060
50.151397481,14.566017944
50.150415386,14.567346455
50.149809016,14.569342598
50.150153593,14.576736863
50.149678918,14.578788387
50.152729330,14.583605908
50.153613947,14.588561049
50.153961051,14.598714507
50.147206269,14.592501416
50.146894137,14.589746112
50.145160761,14.587654449
50.142738099,14.590886622
50.140369323,14.590565094
50.138520690,14.592573461
50.135661572,14.594543038
50.130506773,14.599641712
50.126598433,14.610737719
50.131428235,14.629292092
50.128170991,14.635154337
50.124216557,14.635795181
50.123819738,14.644731655
50.124277893,14.646357317
50.123021841,14.658272721
50.121030700,14.658746751
50.117052652,14.658378877
50.106932022,14.657580768
50.106944641,14.659406236
50.103112886,14.665876756
50.104613246,14.668123535
50.103801322,14.668806417
50.102277182,14.675952280
50.101118014,14.689863062
50.099955665,14.690270133
50.099057918,14.688800023
50.096079125,14.688866194
50.095950027,14.691473695
50.094383773,14.693826129
50.094699992,14.694864436
50.092189464,14.703951492
50.091135529,14.703826588
50.087681702,14.706383169
50.078352935,14.703179537
50.076904101,14.701734242
50.072347039,14.700010681
50.072199944,14.690513284
50.071031889,14.688539321
50.068905272,14.680397350
50.066364397,14.674579210
50.064780972,14.670035630
50.064654707,14.668259451
50.062972094,14.658032335
50.062423731,14.659348924
50.061912166,14.657210758
50.059129995,14.659551652
50.056950020,14.653754384
50.056022945,14.654153712
50.056244427,14.655664519
50.055268264,14.656230459
50.054171087,14.651705058
50.053478672,14.650858066
50.052246030,14.651500188
50.049865456,14.654286866
50.051656125,14.656528018
50.052835189,14.660337365
50.052808561,14.661774050
50.051703953,14.662218677
50.050946195,14.660590244
50.048357836,14.663808537
50.045253782,14.660331097
50.042986386,14.662096679
50.039328606,14.666658465
50.038176601,14.666716288
50.037720509,14.664191464
50.038158765,14.658433099
50.037533223,14.657497731
50.034811091,14.656842779
50.033224473,14.657084109
50.029037335,14.659057332
50.023997309,14.662797822
50.019179019,14.667753738
50.019207148,14.669127703
50.017999828,14.669914159
50.015231168,14.669597539
50.014238979,14.668431050
50.013795418,14.667079026
50.013454483,14.663212722
50.012861118,14.661420017
50.011157587,14.661862439
50.009983931,14.661194886
50.008453215,14.662061581
50.004121408,14.658029527
50.004471213,14.655775249
50.008386152,14.651039599
50.008669637,14.650003063
50.004491902,14.646821167
50.003971254,14.645620603
50.006406495,14.644723641
50.006636133,14.642401999
50.006363455,14.640985392
50.005772277,14.640131958
50.004049116,14.640796954
50.001681832,14.643805680
50.000078678,14.647867730
49.999467738,14.648089245
49.997390170,14.645857887
49.994540382,14.641174544
49.994812471,14.638693938
49.996186703,14.635973379
49.996495729,14.634645401
49.995722326,14.628770702
49.998242546,14.621441327
49.997846852,14.620020935
49.996909588,14.619989082
49.997945989,14.617926950
49.997584342,14.616377007
49.999492631,14.613595892
49.999323572,14.612174485
49.998843866,14.610311447
50.000507545,14.608369504
50.002792218,14.607828801
50.001770137,14.604947599
50.008382503,14.603779933
50.009928367,14.602882366
50.008446244,14.598337328
50.007676680,14.595366520
50.008993117,14.595376056
50.008329981,14.593285170
50.009226352,14.592431089
50.008111901,14.588599125
50.010604244,14.587817945
50.012017808,14.587297304
50.011422791,14.582973089
50.015261296,14.583767103
50.016073543,14.583344710
50.014537900,14.578567787
50.013506313,14.576801695
50.009317276,14.572887009
50.007391088,14.568599631
50.009162559,14.568623916
50.009719578,14.564096942
50.011742943,14.563058470
50.012392374,14.561171537
50.012732334,14.557616211
50.012081913,14.554900619
50.009104424,14.553745502
50.007634926,14.550952056
50.008655601,14.546028601
50.008050632,14.542644688
50.008806014,14.540702789
50.009830331,14.540690810
50.010995186,14.538055549
50.011403486,14.534932049
50.010929696,14.531669528
50.008818772,14.524295124
50.007838149,14.522014397
50.007117554,14.521511799
50.004779484,14.525421919
50.002340915,14.530762332
50.000807789,14.530930818
49.999518523,14.528835935
49.997294791,14.523163041
49.996893575,14.519731365
49.996345246,14.518757719
49.994145033,14.519639521
49.994119644,14.518007805
49.995899380,14.517297890
49.994398835,14.516331387
49.993507867,14.514350632
49.991843412,14.513687780
49.991959890,14.509026529
49.993186436,14.507908322
49.993772540,14.509619863
49.997348226,14.506527721
49.997780200,14.503540355
49.997327657,14.497726659
49.995737484,14.491766141
49.993388322,14.486693133
49.992254520,14.485061054
49.991535157,14.484468908
49.988772462,14.484224833
49.987442317,14.484930309
49.987451286,14.488223427
49.985975147,14.487949472
49.985294305,14.484206058
49.984730121,14.477639215
49.983247784,14.475136132
49.983828715,14.474006482
49.982854837,14.473858441
49.980046643,14.474237995
49.980637946,14.469320386
49.981426885,14.466950241
49.981204157,14.465954382
49.974277482,14.466102586
49.972649039,14.465284174
49.972437981,14.462793331
49.971227917,14.462348303
49.970993655,14.459362534
49.971928454,14.454054868
49.973544080,14.451697538
49.973938273,14.448958839
49.973419953,14.445475905
49.971773848,14.443740448
49.969370872,14.441259466
49.967565453,14.433688291
49.965235018,14.428492035
49.964273049,14.420822066
49.965307060,14.416010234
49.966314514,14.412740381
49.969669585,14.404942869
49.971864232,14.402165898
49.971286869,14.400164331
49.967309728,14.399839626
49.962202409,14.397592098
49.952439914,14.393284563
49.950190199,14.393851631
49.944614308,14.397140856
49.942240469,14.396168670
49.941974202,14.395653649
49.942462135,14.393248838
49.943753767,14.391350016
49.944829765,14.390692299
49.949510142,14.388720509
49.949960522,14.388077781
49.950216771,14.385025516
49.949452712,14.381048087
49.946896099,14.377723034
49.947628945,14.376067993
49.946409150,14.374400805
49.948862554,14.371378270
49.950294397,14.370131689
49.950737805,14.366353737
49.949579697,14.365887442
49.948161701,14.362965469
49.947539897,14.359716226
49.948555368,14.358077554
49.947657995,14.348546924
49.948142428,14.347569285
49.947194536,14.344685157
49.948155007,14.341013937
49.947524262,14.337719871
49.948477497,14.336496401
49.952229149,14.334911527
49.956530935,14.326185543
49.958666602,14.325098136
49.961000241,14.325541244
49.963954748,14.327685702
49.965193974,14.329302649
49.967396048,14.334385362
49.966950305,14.336400398
49.965289890,14.340570343
49.965974759,14.342341926
49.967313392,14.344316323
49.969314930,14.346070845
49.972342979,14.346760673
49.973353492,14.345575122
49.972971299,14.344650939
49.974549526,14.344434082
49.974146239,14.340815278
49.973269421,14.336923053
49.971051948,14.330810469
49.971063747,14.327698856
49.973333620,14.329224215
49.974336983,14.330697233
49.975746831,14.330728706
49.975708937,14.332029030
49.976945594,14.332559526
49.976915894,14.335067254
49.978606365,14.335597303
49.981106512,14.339089564
49.982827433,14.337930954
49.984595523,14.338923126
49.986207423,14.336850239
49.987641900,14.334925216
49.990254969,14.342015146
49.991302536,14.338503470
49.993310707,14.336801201
49.992739266,14.332545085
49.990905393,14.327472566
49.991864503,14.327133581
49.988751428,14.318324232
49.990093225,14.318102499
49.991010565,14.317095053
49.994467652,14.313634509
49.994397636,14.309917926
49.997395810,14.306200772
49.997443864,14.302183803
49.999412085,14.301760069
50.000097625,14.297767098
50.001944995,14.295997450
50.002241566,14.298693911
50.004582275,14.300599457
50.011533840,14.301485051
50.007533910,14.307899080
50.006826550,14.311349232
50.014286504,14.314060887
50.021954060,14.316760973
50.022769604,14.315934020
50.024109300,14.300803240
50.022988854,14.298534485
50.024272253,14.297459476
50.025404742,14.292478509
50.033398743,14.278893083
50.039550046,14.270974574
50.041798812,14.269834236
50.042620158,14.268670716
50.044408397,14.269980168
50.047902979,14.268862665
50.048089536,14.267706990
50.049221984,14.268790834
50.050835135,14.272797593
50.054207083,14.272032469
50.052328281,14.265072744
50.055425648,14.263072177
50.054467884,14.258079734
50.057577647,14.256318460
50.057311740,14.251853793
50.058744996,14.248212745
50.062583325,14.248694025
50.062765557,14.254043321
50.063569952,14.253902365
50.064964970,14.258607506
50.071909455,14.258397949
50.072974260,14.274883637
50.071361952,14.278865460
50.073121647,14.278747683
50.073903090,14.280474076
50.073144122,14.290021637
50.076506303,14.289349784
50.076636687,14.288273427
50.077492013,14.288295490
50.078095769,14.284502511
50.081165147,14.284513004
50.080447005,14.274594240
50.087582315,14.272974016
50.086180663,14.269398012
50.087554388,14.266298898
50.087408646,14.262355677
50.096333072,14.260944361
50.097971101,14.255537138
50.100352787,14.259305754
50.104064133,14.252322059
50.101766101,14.239102156
50.100971597,14.236632874
50.102359474,14.232389474
50.100730017,14.227409085
50.102589325,14.225274475
50.103962388,14.226102886
50.107398055,14.236515904
50.106716666,14.237014459
50.107471820,14.239148160
50.110064259,14.237086956
50.112023740,14.239991898
50.110827575,14.243746597
50.110249170,14.245792522
50.112623812,14.256241032
50.113696266,14.255143744
50.114974266,14.257644291
50.113769306,14.259994403
50.119462985,14.279520614
50.115568566,14.286505673
50.118277735,14.293031123
50.121005063,14.297939465
50.124724270,14.295577598
50.127132279,14.301180036
50.129312773,14.301098886
50.130145249,14.301880256
50.129932450,14.306603460
50.127965819,14.310597596
50.128320360,14.316187628
50.121307431,14.317451493
50.116257907,14.320370014
50.114917123,14.320501701
50.116744830,14.327852826
50.115910063,14.359007683
50.115887652,14.362528829
50.117722899,14.360610592
50.120636341,14.359486355
50.124801785,14.355296797
50.129697004,14.359202491
50.129502896,14.357021784
50.136835917,14.355989749
50.136905880,14.354634456
50.137740779,14.354632468
50.138694381,14.357289664
50.140734364,14.356855752
50.147844791,14.364749299
50.147923847,14.372684815
50.146394779,14.376417878
50.146407464,14.380751398
50.145682058,14.380963856
50.146703554,14.385927947
50.144945205,14.390866396
50.141891342,14.392865351
50.142659192,14.396509464
50.143842683,14.396857076
50.144075333,14.400301262