#Jihomoravsky
49.386693959,16.853325319
49.381806162,16.859590122
49.382671127,16.861661623
49.386809934,16.862820337
49.389143522,16.866405917
49.393847327,16.871073306
49.397862131,16.877174857
49.399428721,16.881320996
49.398223083,16.885121241
49.402046301,16.891741250
49.400470534,16.895288825
49.405199258,16.891573870
49.408703756,16.893781919
49.412615483,16.892010692
49.416869639,16.893942674
49.421900087,16.895724574
49.422705066,16.898122481
49.426980993,16.899712306
49.426975722,16.901363941
49.426115636,16.901745269
49.425987981,16.900665153
49.425428277,16.902406689
49.422769369,16.904256064
49.424087092,16.909814041
49.429524481,16.916000265
49.432974429,16.909152627
49.435407264,16.908233387
49.436573462,16.906368403
49.437452026,16.908256335
49.437738352,16.907413480
49.439563845,16.908734409
49.442628437,16.907266327
49.444256577,16.899557882
49.444081823,16.896055677
49.446714728,16.892495331
49.448221391,16.893778229
49.450011325,16.894706659
49.450216839,16.896000878
49.451443892,16.899955178
49.452426545,16.898849548
49.455715095,16.900944940
49.456201710,16.896663523
49.459787414,16.897144131
49.459832021,16.891017588
49.458024865,16.888108519
49.462391086,16.887568892
49.461773386,16.886064364
49.462636786,16.885200629
49.462302439,16.884140361
49.465537375,16.882122535
49.467081586,16.879838615
49.469019224,16.877756423
49.468616163,16.875953788
49.468917013,16.870863559
49.469511048,16.867859592
49.471547803,16.868140324
49.475234911,16.872259988
49.475782474,16.871925162
49.475771106,16.870564477
49.477206601,16.869075545
49.477477433,16.866947975
49.479074046,16.865435771
49.479020261,16.858287199
49.480052389,16.858705431
49.481498988,16.863210325
49.479184513,16.867718649
49.479165574,16.869828045
49.481152874,16.872323091
49.481477352,16.875228071
49.484869235,16.876843113
49.485352484,16.879957389
49.486593126,16.879455892
49.485880018,16.875887153
49.487420593,16.874479752
49.489176812,16.877699447
49.489786162,16.884395268
49.495761946,16.899027408
49.496081939,16.902543365
49.498460263,16.905617844
49.496858303,16.910658420
49.499594032,16.915008769
49.499835946,16.918447262
49.497012247,16.921873811
49.489239253,16.933259620
49.491718936,16.934770088
49.492164270,16.937347124
49.494494961,16.939062021
49.494276040,16.940505561
49.492204936,16.944643318
49.493018300,16.946783037
49.492163813,16.948723053
49.490875039,16.947173804
49.489018801,16.947490587
49.487404169,16.948387569
49.484577397,16.954410658
49.482814462,16.957408972
49.482069095,16.956945951
49.481049831,16.958857378
49.478554549,16.959256220
49.475873901,16.957441145
49.474876437,16.959139379
49.473388153,16.958921073
49.470704131,16.957010749
49.468439949,16.956579246
49.467980017,16.957412396
49.468391512,16.963116053
49.467593796,16.971511500
49.466890118,16.973847187
49.465346233,16.974278946
49.463278067,16.978474613
49.461849906,16.975788183
49.461649113,16.970251606
49.459691955,16.969244183
49.460349955,16.971364443
49.458710590,16.972257902
49.457578145,16.974639463
49.458534507,16.980122583
49.455576083,16.982641592
49.456078831,16.984472966
49.454316262,16.985148256
49.454819912,16.986186283
49.452613578,16.987656835
49.450246604,16.985928925
49.450804653,16.986969367
49.449454937,16.986658594
49.448606177,16.987614943
49.447973355,16.986268855
49.448600512,16.985512520
49.447853874,16.984221886
49.444005155,16.985330834
49.441049250,16.988695391
49.439903794,16.988195714
49.438794560,16.990118992
49.436291491,16.991786065
49.434011182,16.992655605
49.429401674,16.992607139
49.427100881,16.991250554
49.427612750,16.989854509
49.426828589,16.986929405
49.425652617,16.985572731
49.424570818,16.989517254
49.421570556,16.992356486
49.420141588,16.995710929
49.420466285,16.999470337
49.419403557,17.002896985
49.420265980,17.003221077
49.421009074,17.008370937
49.419908471,17.008943377
49.418166521,17.012624931
49.418144348,17.015262431
49.416769607,17.015656129
49.411386961,17.013300035
49.411475771,17.015030280
49.409478478,17.014092211
49.409570178,17.015325980
49.406985526,17.015996716
49.406295038,17.015553154
49.406710812,17.012449840
49.405410744,17.012204262
49.405222397,17.013844930
49.403599042,17.012821858
49.403316134,17.015194018
49.404394526,17.023150384
49.403922228,17.024801308
49.403014855,17.025020071
49.401709304,17.022489427
49.400640170,17.020873663
49.399822999,17.021629560
49.400206737,17.022365657
49.399386024,17.023203795
49.399504417,17.024567468
49.397225888,17.025098596
49.397084759,17.027717600
49.395879162,17.028883324
49.394805654,17.028510393
49.394658414,17.032120409
49.392535152,17.030377784
49.389247570,17.030363266
49.387967143,17.031006215
49.387736793,17.033644228
49.388517793,17.033563225
49.390116772,17.037335063
49.390048833,17.038548033
49.388455339,17.043122417
49.388823558,17.044091753
49.389425200,17.043490666
49.391304324,17.044423096
49.389991313,17.045065028
49.391625075,17.046790674
49.394285456,17.046292199
49.394553701,17.044217184
49.395625404,17.043887199
49.395912736,17.045483286
49.396504469,17.043379653
49.396922127,17.044761453
49.398219666,17.044429311
49.397976315,17.043356704
49.398870706,17.042807941
49.398603816,17.041383073
49.399427275,17.040855083
49.400156639,17.042978935
49.399477777,17.046621276
49.401860696,17.046434894
49.405708507,17.049779696
49.409015751,17.048002430
49.409264612,17.048857889
49.408364844,17.051967655
49.407289598,17.053428650
49.402402536,17.054016416
49.396962373,17.061224651
49.394790458,17.062130887
49.392158785,17.061979872
49.391302067,17.060110076
49.390656524,17.060731682
49.389244311,17.058393575
49.388788931,17.059427152
49.387060437,17.056141701
49.386208726,17.057195712
49.383392691,17.054952935
49.379381442,17.056881826
49.376474860,17.051520760
49.371143475,17.047753954
49.371482123,17.045650902
49.370040976,17.044836276
49.368013042,17.045039024
49.366607037,17.045741639
49.366038715,17.049190234
49.365472970,17.051365453
49.364647606,17.049833771
49.361232894,17.049323274
49.359579002,17.042210874
49.358905742,17.040602337
49.357153752,17.041904027
49.354737834,17.045268771
49.354354763,17.046626101
49.354996204,17.048651144
49.354923661,17.053422761
49.353950419,17.059139381
49.352666656,17.062101131
49.351590141,17.061816843
49.348375938,17.063363493
49.347481107,17.065135608
49.347037512,17.071530547
49.346463538,17.072919014
49.345056458,17.072149318
49.344047368,17.074506327
49.344881850,17.078624688
49.343636046,17.083521338
49.340727647,17.089922951
49.340285052,17.092825191
49.342657161,17.095199338
49.342428951,17.098297483
49.338573721,17.109400661
49.337875264,17.117413796
49.336558557,17.116092355
49.335010771,17.117969899
49.334608027,17.120214789
49.332697766,17.120849642
49.329763431,17.122808899
49.324658335,17.127887549
49.326051355,17.136383511
49.326163289,17.139720836
49.323827449,17.139660081
49.320959039,17.141115421
49.319710286,17.139723890
49.316935323,17.140678022
49.315509732,17.136062334
49.309610665,17.141031239
49.303180266,17.143703676
49.299463517,17.143945779
49.294851880,17.144694816
49.293656387,17.145654680
49.294557788,17.147127327
49.295075990,17.148128919
49.294127741,17.150057817
49.288817722,17.153757771
49.283311403,17.155529357
49.281748216,17.156536715
49.279999362,17.159209874
49.278364033,17.157746731
49.277165357,17.156938792
49.279417149,17.159887465
49.279761626,17.161087954
49.278188519,17.162391767
49.276968797,17.162732143
49.274633220,17.160206083
49.274259471,17.160020520
49.269153032,17.153168868
49.268343317,17.154457938
49.264055455,17.153167099
49.260346865,17.149972688
49.258695774,17.150700802
49.257698093,17.146542146
49.256497813,17.145474806
49.256837579,17.144187943
49.254343604,17.142281889
49.250131094,17.134208668
49.243887242,17.130683334
49.243859427,17.132174429
49.240581017,17.137948326
49.237124789,17.139123467
49.233756499,17.146139673
49.227368547,17.147401467
49.225570015,17.145898421
49.214401550,17.137060593
49.212356671,17.142490206
49.205707686,17.149371867
49.202243828,17.151389297
49.196602907,17.150825887
49.194455986,17.152529884
49.194184526,17.157860405
49.191697878,17.160580140
49.192081375,17.163240592
49.189206259,17.164731675
49.189223841,17.163628596
49.187755936,17.163845829
49.184151382,17.157027154
49.184962077,17.155480949
49.184608962,17.154240549
49.179385300,17.154383515
49.178827289,17.152368264
49.177904567,17.153176077
49.176155044,17.148997852
49.174498469,17.147865956
49.171892559,17.154108922
49.175515121,17.154219066
49.175643155,17.162860830
49.176729541,17.170010023
49.175059426,17.173602312
49.175725856,17.177405453
49.173535569,17.180787616
49.174706518,17.183609146
49.174186488,17.184358737
49.176431169,17.187429532
49.182085350,17.192872564
49.183826040,17.196530029
49.182564511,17.199750533
49.176902875,17.202715421
49.164952164,17.196619223
49.163559330,17.198390842
49.163160298,17.196445264
49.160438777,17.198214566
49.159171722,17.193926867
49.157494660,17.194261860
49.152205385,17.191069297
49.147634922,17.191109765
49.143996452,17.187872235
49.139922991,17.188049094
49.137820447,17.186863795
49.139343705,17.179394714
49.137693397,17.177668040
49.138795186,17.174092702
49.135425409,17.169321227
49.133146967,17.169992902
49.132463865,17.164849972
49.134896588,17.163093782
49.134581844,17.160519499
49.135065851,17.154170996
49.133207298,17.150670118
49.133047558,17.147847609
49.131399139,17.148751193
49.122515205,17.146579099
49.112373077,17.144926188
49.111515848,17.142629321
49.104820967,17.143895726
49.104706701,17.141081594
49.101909546,17.134750238
49.101295834,17.135444883
49.103163708,17.128727285
49.103113505,17.118316852
49.104147960,17.113622565
49.100516281,17.114330473
49.096824961,17.114278047
49.089314156,17.114148954
49.090758078,17.116821464
49.091402231,17.118225349
49.086972166,17.120654968
49.083650476,17.119194793
49.080491470,17.117124295
49.078002330,17.110668412
49.077543162,17.110854890
49.075756459,17.119945691
49.075178458,17.124895772
49.075672176,17.128787640
49.074697210,17.132206687
49.076267815,17.134624460
49.076921358,17.139295378
49.074799551,17.143040773
49.073921934,17.145174348
49.077845166,17.148981810
49.079324675,17.150867322
49.079851714,17.156504675
49.081505761,17.158962873
49.080686095,17.164059790
49.082246983,17.167298936
49.083335694,17.176869586
49.084307604,17.181666430
49.087059990,17.189277475
49.089021893,17.195598083
49.091166187,17.197555102
49.092386777,17.205254240
49.091828307,17.212294408
49.091654473,17.213362618
49.076696852,17.219273454
49.075198698,17.226189826
49.072448075,17.229309530
49.068082965,17.227931513
49.065187582,17.231186808
49.062041609,17.230345676
49.054611201,17.231285653
49.049035356,17.225230077
49.048324820,17.225833004
49.047653542,17.224555975
49.045252653,17.225704430
49.045107385,17.223904862
49.036176977,17.219070566
49.032204243,17.221466800
49.034708159,17.226152804
49.040080927,17.229525334
49.039732570,17.238131332
49.039292738,17.251700962
49.032052009,17.252362570
49.031277386,17.254750288
49.034276652,17.261091841
49.034295589,17.267745443
49.027661062,17.270770275
49.027026575,17.273095065
49.024843005,17.276471102
49.016907309,17.275898213
49.013672644,17.276184071
49.014055961,17.280675142
49.017473954,17.286390848
49.015713609,17.290858705
49.017403827,17.291696578
49.016522949,17.299962663
49.017911747,17.300891497
49.017228601,17.303449365
49.017777552,17.303831265
49.016998278,17.309361513
49.011911047,17.313541750
49.013720129,17.320253279
49.011832920,17.325292024
49.015358795,17.331873292
49.014713326,17.332790057
49.015733071,17.335141904
49.015007635,17.335661202
49.014597608,17.338820412
49.013619688,17.339208424
49.012119499,17.343816218
49.009490856,17.342851849
49.006297203,17.348662510
49.006154232,17.351484470
49.007977934,17.352578964
49.006253584,17.356241244
49.006961966,17.356576485
49.005282662,17.359678306
49.002655093,17.358167848
48.997348255,17.357426498
48.994901297,17.359134330
48.991781532,17.357138736
48.988804465,17.357773433
48.984833111,17.352387696
48.982998712,17.354484511
48.980727302,17.351915592
48.978569192,17.352638349
48.976503018,17.359120889
48.975364545,17.366122224
48.976789778,17.366504422
48.977184384,17.369961147
48.976272466,17.372214852
48.977400215,17.374571478
48.973770372,17.374611579
48.973260604,17.375955632
48.974377136,17.376175345
48.978481087,17.379989453
48.979385002,17.383925277
48.981206091,17.390463745
48.981317764,17.395294401
48.977929228,17.397401511
48.972306409,17.398344750
48.971774871,17.400760875
48.971128219,17.400399646
48.970153031,17.403224504
48.966585742,17.409306619
48.959439149,17.418615877
48.960012759,17.421928515
48.958780797,17.422302554
48.951893013,17.433693852
48.950153855,17.434331617
48.952055473,17.437789669
48.953982212,17.435280478
48.954955706,17.438354230
48.953886682,17.439581846
48.958838416,17.450769967
48.957641128,17.451688348
48.959913007,17.457988121
48.959075491,17.459448939
48.961979447,17.466885793
48.960465505,17.468792904
48.962377037,17.471714884
48.956210320,17.479310276
48.958772681,17.488645728
48.958944149,17.493057610
48.960540209,17.498710112
48.967076262,17.498204875
48.964407529,17.501999153
48.952460432,17.509648149
48.954160983,17.516680220
48.957096010,17.523668749
48.955307298,17.527532989
48.947655455,17.547596326
48.944632567,17.552962703
48.941440898,17.549474480
48.938050148,17.549139413
48.933404875,17.545524132
48.922466239,17.538382717
48.916384219,17.551251428
48.920644170,17.556354318
48.922158487,17.563484070
48.916114281,17.572822563
48.915149895,17.577608366
48.909847084,17.585386806
48.909982185,17.593601071
48.909971467,17.602960044
48.904086997,17.606223820
48.896590410,17.614483571
48.891365456,17.616594206
48.886412373,17.621614489
48.882887475,17.625493561
48.880403853,17.624197853
48.880532427,17.625535322
48.879220353,17.626223289
48.879080419,17.625138113
48.878485001,17.625585025
48.878973345,17.627332422
48.877472937,17.628332163
48.876540925,17.630625374
48.877471032,17.631345350
48.877486534,17.633044052
48.878820613,17.637060233
48.878355432,17.639164645
48.876450442,17.637148801
48.874319912,17.637749462
48.873673993,17.635209912
48.869925275,17.635499964
48.865796718,17.638393730
48.863638387,17.638837999
48.860087550,17.643177705
48.854314929,17.646072404
48.855033184,17.640085873
48.855101208,17.634037155
48.854472036,17.631891236
48.852619312,17.628421493
48.850372855,17.625034746
48.846812184,17.620913683
48.845609315,17.620700830
48.841970387,17.621492695
48.841211974,17.619911543
48.840979261,17.613786887
48.841593429,17.607050703
48.840907173,17.602753791
48.839787948,17.600509237
48.837485027,17.597441838
48.835845480,17.596598151
48.832233516,17.596857788
48.828774004,17.595669006
48.827014045,17.593181545
48.825076406,17.587701801
48.824637027,17.577253610
48.823532412,17.571323315
48.823610748,17.569791960
48.825927743,17.563645214
48.825750245,17.561205641
48.820356270,17.553311349
48.816574340,17.546921265
48.818866762,17.538446783
48.813462912,17.529996382
48.812067986,17.527512210
48.812379572,17.517028467
48.818458066,17.507885762
48.819326313,17.507615745
48.819310726,17.510075162
48.824339341,17.501763259
48.837430375,17.484707517
48.840819171,17.480745460
48.845752273,17.454401036
48.846005635,17.450873050
48.840651819,17.444015288
48.837582097,17.443627135
48.840783884,17.435213485
48.826356103,17.427912963
48.827916348,17.421533281
48.828833395,17.419070314
48.822791086,17.408988906
48.819540269,17.402843167
48.814909874,17.399132188
48.813456534,17.396209686
48.816416970,17.390132293
48.816615924,17.384673616
48.819034584,17.377491713
48.813368666,17.362678907
48.815598780,17.359022924
48.821826359,17.354305854
48.823364260,17.349314853
48.826609667,17.345435209
48.830845800,17.333993064
48.833591975,17.329946693
48.838243530,17.324353273
48.843466198,17.322539800
48.846132423,17.321435089
48.845225463,17.315276530
48.843944855,17.310738979
48.845525955,17.302140811
48.849060353,17.299801233
48.852317249,17.288508687
48.853215904,17.288984599
48.855321478,17.282210093
48.860350722,17.279102963
48.861824012,17.273997244
48.861604260,17.268020076
48.860595759,17.260907086
48.863748777,17.251388794
48.868838070,17.244802917
48.868968749,17.239641776
48.868335213,17.235368771
48.870033787,17.231378741
48.871134575,17.228880437
48.870934211,17.225426777
48.873424189,17.223027529
48.874660516,17.222725195
48.872393027,17.217256729
48.871217904,17.218350022
48.870507027,17.221275891
48.870915650,17.217192925
48.873703035,17.212317545
48.873388174,17.210696490
48.874311215,17.209208237
48.872583655,17.206724656
48.873119119,17.204569016
48.870858552,17.205236903
48.873386843,17.203559685
48.875377585,17.205374340
48.876112971,17.202004338
48.875027055,17.198428653
48.876139011,17.195835763
48.870128561,17.186547740
48.866865663,17.186000304
48.865315966,17.185255239
48.865559182,17.181423441
48.867619099,17.179093108
48.865999257,17.174565443
48.863242242,17.174015700
48.861211835,17.179242897
48.856994119,17.179018134
48.857374987,17.175085124
48.857159467,17.173471530
48.860876594,17.174869365
48.861631092,17.173299594
48.859452554,17.168120863
48.857312414,17.171145668
48.855232037,17.168535750
48.854020770,17.167853453
48.855861455,17.163723811
48.855210079,17.161538524
48.853451879,17.163235433
48.852022530,17.164984772
48.851219891,17.163651331
48.851999803,17.160698578
48.850731157,17.158610475
48.850005230,17.161694650
48.847141373,17.155191072
48.848473428,17.153340054
48.848347006,17.152391103
48.849860616,17.152046147
48.843570560,17.150836675
48.844959023,17.154994405
48.843446102,17.156164881
48.841963302,17.152218852
48.841151450,17.150206703
48.839880114,17.150932274
48.837847944,17.144441646
48.838976778,17.127624989
48.840987459,17.116594439
48.837018228,17.114146008
48.837178278,17.110324341
48.835109387,17.110205339
48.833914301,17.110176678
48.832291137,17.106050087
48.828636398,17.107626203
48.822371632,17.104918532
48.814464663,17.107112047
48.809769995,17.105173970
48.809062837,17.101636776
48.805910286,17.102612567
48.805583004,17.099080218
48.803079133,17.098541471
48.802656718,17.094267239
48.799637442,17.097632475
48.798847402,17.092865037
48.796790257,17.090633837
48.791334541,17.091098421
48.789807571,17.094608453
48.787391858,17.089865033
48.782470259,17.083213910
48.784438654,17.080224193
48.782755965,17.078995154
48.781129991,17.076057232
48.781782454,17.072590359
48.779763425,17.071737670
48.779856814,17.069232474
48.777577421,17.067870276
48.776240451,17.067883690
48.776072485,17.065123556
48.775220757,17.063753266
48.777062764,17.062247526
48.775059452,17.061495473
48.773004311,17.066275390
48.771429814,17.065849571
48.770620658,17.062697711
48.773461222,17.056029505
48.772166989,17.056274598
48.770389740,17.059140735
48.768834693,17.057128544
48.770629157,17.053179357
48.768708977,17.052722602
48.767342631,17.051899940
48.768136335,17.048527995
48.769687372,17.045662377
48.765365675,17.044851302
48.762999461,17.042478441
48.760302598,17.042969584
48.758420011,17.041599615
48.758134824,17.043798571
48.760262276,17.046785200
48.759279129,17.048021508
48.756585218,17.044277560
48.755879964,17.040934442
48.753371355,17.040466809
48.748909446,17.032646111
48.748213967,17.028919334
48.743266718,17.026352092
48.741891204,17.024864928
48.739026158,17.026208428
48.736703089,17.024346197
48.735875035,17.019070617
48.735975159,17.016417325
48.731352842,17.018241516
48.732380546,17.014870525
48.728155123,17.014285494
48.726716283,17.010938212
48.726160992,17.010615859
48.726196252,17.008474602
48.724389349,17.008757965
48.725032283,17.002392992
48.722815222,16.996650323
48.721429705,16.998475391
48.722784348,17.001774984
48.718619192,17.002210589
48.719400083,17.005582822
48.717760513,17.004737701
48.716824769,17.002943050
48.714881702,17.004546941
48.713231915,17.003551876
48.711161851,17.006079686
48.710482347,17.003134848
48.711448658,17.000330421
48.706995868,16.999462547
48.706511302,17.002570257
48.706314840,16.998489309
48.708286355,16.994915348
48.706854092,16.994328089
48.702587857,16.998854203
48.703348642,17.001131663
48.702133346,16.999747076
48.700861433,16.998858942
48.700147536,17.002979798
48.698855710,17.003790951
48.698337924,17.007740433
48.698066187,17.001621921
48.698248431,16.994475461
48.696421793,16.993142544
48.695369155,16.997463293
48.693844656,16.994593500
48.693579457,16.998928175
48.695343479,17.000404779
48.693092610,17.000806397
48.689726140,16.998500104
48.690761952,16.994993608
48.693040014,16.991277327
48.688643617,16.990045397
48.687927646,16.990682478
48.688157219,16.986095671
48.690104919,16.981781956
48.687106899,16.980641702
48.684376827,16.981836966
48.681278807,16.975659449
48.678158541,16.977759345
48.677592628,16.975563525
48.671056520,16.976363472
48.670805919,16.973358523
48.673798440,16.971903784
48.672972855,16.969350088
48.670831074,16.969495678
48.669183921,16.972643530
48.668323013,16.970763031
48.667648870,16.967780624
48.663310234,16.967927620
48.658016066,16.968776265
48.656724546,16.967210388
48.654177423,16.969359648
48.652038936,16.967835860
48.649296393,16.971885987
48.647526232,16.974953320
48.646585902,16.970590545
48.646028985,16.964567735
48.644130033,16.966543321
48.642950093,16.971627729
48.641406312,16.965980219
48.639319348,16.964549869
48.637593001,16.966273203
48.637425874,16.964360830
48.639943221,16.959403678
48.636121668,16.959444719
48.635646143,16.961213105
48.632859029,16.961572793
48.630755500,16.964784244
48.630577321,16.962051396
48.629095659,16.963650446
48.628188291,16.966770618
48.626478152,16.964110345
48.629007100,16.958664172
48.628001940,16.957322074
48.626322324,16.958406537
48.625056605,16.959989616
48.625325761,16.957585515
48.627863283,16.954772787
48.626580403,16.952414429
48.623429781,16.955382899
48.621090203,16.948693531
48.619392652,16.950305957
48.618975291,16.952128874
48.618384312,16.948524308
48.619911104,16.946532148
48.618314138,16.944211156
48.613793274,16.945128896
48.614136739,16.942758591
48.618231703,16.938406707
48.619111538,16.927276413
48.622571667,16.918966272
48.623882797,16.920280019
48.626054968,16.918999753
48.628180639,16.921375260
48.629233100,16.923659988
48.631080730,16.923705978
48.632476744,16.926122566
48.637333854,16.925886716
48.638356857,16.924723707
48.639401192,16.928074346
48.643431052,16.927247879
48.643518637,16.923528538
48.646156354,16.920473455
48.649428579,16.920724367
48.654471710,16.918856600
48.655486827,16.922437975
48.660345623,16.923145847
48.662966949,16.921690587
48.664294115,16.921137070
48.665133579,16.922955902
48.666623892,16.920175055
48.666902515,16.922778090
48.669698862,16.922157893
48.671213778,16.924201354
48.672166616,16.921886783
48.673227788,16.913268414
48.674285508,16.910904264
48.678130027,16.909749951
48.682177640,16.912724043
48.684400114,16.912698489
48.684856723,16.915783810
48.686992419,16.914366852
48.688248871,16.917513828
48.690228401,16.915535512
48.694015022,16.917479628
48.696431530,16.915544433
48.700734308,16.916186567
48.702180547,16.915392482
48.704225999,16.908332408
48.706469846,16.907435803
48.706979261,16.910236830
48.710247291,16.903733458
48.713014643,16.902167989
48.715326989,16.905545064
48.717561869,16.900714243
48.716021034,16.897120041
48.715923747,16.889945396
48.716701985,16.887335793
48.715892483,16.885303182
48.720945042,16.879257046
48.721849127,16.880301845
48.722676576,16.878799128
48.719598034,16.875076361
48.715457400,16.872471553
48.712149891,16.868057616
48.711788990,16.839911738
48.716104924,16.834616291
48.710452720,16.826159584
48.710543235,16.815775721
48.711714893,16.806902836
48.706598445,16.801359189
48.706211411,16.798666426
48.710552348,16.797635190
48.711806958,16.791261359
48.713350668,16.787602704
48.712335189,16.782007844
48.713697375,16.778343684
48.711738408,16.775293994
48.714820021,16.768682767
48.718364028,16.763124094
48.716827646,16.758499478
48.717415286,16.756951107
48.718935781,16.757612048
48.720225128,16.752920924
48.724867270,16.752188320
48.728942248,16.748789342
48.731414036,16.747543483
48.729254161,16.735735979
48.730145727,16.734140751
48.731906187,16.734996366
48.733464530,16.730925818
48.732470142,16.728492365
48.733817543,16.727591853
48.735259438,16.729701755
48.735439046,16.725960799
48.736855623,16.725400411
48.737937849,16.716378194
48.736301043,16.708179970
48.736702622,16.706054617
48.735122067,16.704293069
48.735788001,16.700790543
48.727819634,16.685319849
48.727630255,16.682902014
48.734175318,16.679539785
48.740016475,16.673521629
48.743266218,16.674198194
48.750438127,16.680828729
48.768624909,16.676848247
48.771396571,16.673586912
48.774465467,16.665335610
48.777799768,16.664398586
48.779011666,16.662612849
48.780916640,16.661926971
48.782630153,16.657652062
48.783104212,16.653119949
48.784147192,16.652650532
48.785006026,16.644119056
48.786137452,16.644130520
48.785641552,16.638685554
48.784381193,16.633559687
48.780035171,16.630069377
48.780415500,16.619925785
48.781697623,16.616090652
48.781100526,16.611274595
48.779829333,16.608673933
48.781866400,16.593645880
48.787245190,16.593852623
48.792087132,16.581761600
48.793737680,16.569458835
48.794279573,16.564910422
48.798250966,16.561009185
48.801652200,16.555846889
48.804673837,16.554843849
48.810763391,16.545054343
48.810627009,16.543661999
48.813437770,16.540232794
48.809758423,16.533108490
48.806089242,16.530397539
48.805324223,16.528319009
48.804091915,16.528918457
48.798753681,16.521633731
48.798000952,16.518099336
48.802487434,16.515335606
48.801010583,16.494790375
48.801422913,16.483626291
48.801517494,16.478818643
48.805601410,16.471266727
48.808124297,16.465769263
48.809600723,16.463552258
48.808403278,16.459276803
48.806292367,16.462472108
48.804400903,16.459850744
48.803124364,16.458967803
48.800020150,16.450499705
48.796089487,16.447337450
48.791116355,16.448371324
48.783731971,16.441147646
48.774540325,16.435822711
48.773769751,16.439025841
48.767156652,16.437050439
48.762928402,16.431555573
48.761612651,16.422463958
48.754647590,16.415684185
48.754818555,16.413693333
48.753869545,16.414077992
48.743102048,16.409375132
48.741022214,16.405069485
48.741683630,16.402243128
48.736863917,16.396731167
48.736606165,16.393342319
48.738307189,16.392848996
48.739087621,16.389183183
48.736264763,16.388692640
48.734692105,16.385513701
48.730582290,16.383640596
48.728410497,16.378591939
48.729758853,16.376994865
48.728604008,16.369294433
48.728014986,16.359947982
48.730565057,16.359435045
48.729849730,16.357587279
48.731174722,16.356290301
48.733209516,16.352103639
48.737322150,16.356950632
48.741886352,16.350130196
48.740392624,16.345584197
48.744871939,16.343380648
48.745787735,16.341322799
48.744850038,16.342103679
48.743527819,16.340986078
48.742721667,16.342200322
48.742048643,16.340561334
48.734596577,16.337555564
48.731140542,16.331566593
48.732182104,16.328154082
48.731777939,16.325382640
48.732553639,16.313253215
48.739295641,16.301788400
48.738297098,16.296139083
48.740736093,16.279402076
48.740484606,16.268245727
48.737040476,16.262104979
48.739064860,16.248727388
48.739903043,16.228830100
48.742014064,16.208331457
48.742927584,16.188925901
48.745582988,16.174422286
48.748314528,16.152916478
48.745276716,16.152602055
48.743374299,16.148865880
48.745163945,16.138895500
48.742298052,16.137863817
48.745642266,16.119036705
48.746829023,16.117497817
48.747569379,16.112461062
48.745822532,16.112463010
48.745330886,16.108728239
48.744673000,16.108289472
48.744866455,16.100348860
48.747666157,16.085624074
48.754402042,16.066984144
48.755135674,16.062361503
48.759906300,16.053941923
48.764499913,16.038361008
48.772760297,16.015605939
48.778409169,15.996852933
48.784394903,15.988982358
48.791315115,15.976204000
48.797629356,15.966971470
48.797619350,15.963553990
48.799417182,15.958691727
48.801937471,15.953455930
48.805796118,15.949842653
48.813896200,15.951442464
48.819356375,15.957786361
48.821674528,15.958847473
48.823325836,15.955723919
48.821855951,15.948293327
48.823092295,15.945310069
48.826368256,15.947165020
48.827492797,15.944375426
48.826580038,15.940764765
48.823754122,15.941571467
48.819043718,15.940839133
48.818333095,15.936097804
48.823949460,15.923496924
48.827412331,15.925538127
48.830066593,15.925789485
48.833761703,15.929779912
48.834786856,15.922319144
48.838658374,15.919230809
48.837801620,15.916469727
48.836556538,15.910919339
48.835651728,15.905323693
48.834346791,15.894229447
48.838289610,15.890784554
48.842478117,15.891550681
48.843854734,15.894118872
48.839529987,15.897310942
48.838317774,15.903041164
48.839597145,15.904359258
48.848561956,15.897368095
48.848816964,15.894588264
48.844475021,15.891962813
48.841577872,15.887889369
48.843535893,15.882443549
48.848377226,15.879610359
48.853997593,15.880972096
48.858248978,15.878586628
48.860496899,15.873844257
48.859827346,15.872105789
48.858487205,15.875014518
48.855258274,15.876342169
48.853874630,15.874270426
48.852419684,15.864307961
48.856942526,15.858205739
48.857753656,15.849333873
48.860298836,15.841570906
48.862114121,15.841276776
48.864127306,15.847344438
48.867410479,15.852284533
48.873592935,15.843203283
48.876100199,15.843305273
48.877572244,15.841282447
48.877088878,15.838223915
48.873329490,15.834729668
48.871379808,15.828439835
48.873070858,15.822043384
48.871983642,15.810820003
48.875209312,15.780729330
48.868259055,15.775036129
48.863022650,15.770871042
48.851357543,15.753976158
48.853371387,15.745870839
48.857679489,15.714346397
48.859579411,15.714891472
48.860292324,15.711087029
48.858870610,15.700356288
48.855231846,15.694225224
48.855712001,15.688982116
48.863464989,15.681343859
48.867075912,15.672538382
48.872797956,15.667159578
48.876468834,15.661049666
48.881599714,15.654963716
48.887770393,15.636602137
48.885404288,15.637712537
48.884672706,15.632977729
48.885718982,15.629068588
48.893614836,15.621554207
48.897501335,15.613070778
48.895792403,15.609377931
48.896788801,15.601239253
48.896011673,15.594261536
48.895131313,15.581531919
48.895380414,15.578055736
48.896460838,15.578085398
48.901339439,15.568457457
48.900452084,15.567787648
48.901584050,15.565755947
48.905302189,15.555116287
48.907839463,15.543926710
48.908757329,15.538758078
48.917453611,15.547392963
48.917370906,15.548839298
48.918422673,15.551097838
48.919444578,15.549389197
48.923455991,15.549252301
48.924710777,15.552569179
48.922534965,15.556936289
48.926980059,15.563650244
48.927139390,15.565405281
48.927797751,15.569423022
48.928528076,15.569267129
48.927676217,15.565884629
48.927940171,15.561621708
48.929526036,15.557913753
48.929428202,15.560299532
48.930263697,15.560324740
48.930207892,15.561432298
48.931406323,15.561464489
48.931308340,15.563173877
48.932641318,15.563189421
48.931867942,15.568779092
48.937524855,15.569841890
48.938388174,15.564017658
48.940089270,15.563654187
48.938508675,15.561236716
48.940031125,15.559328892
48.940871137,15.558284681
48.940954505,15.556844451
48.946660568,15.558965675
48.947188237,15.562370990
48.946120162,15.565874092
48.942321136,15.566285288
48.941526305,15.572738097
48.940881013,15.579026814
48.942554915,15.579393798
48.943447562,15.579625889
48.943805753,15.583410391
48.948203911,15.585837134
48.948970420,15.586696662
48.949281992,15.589677341
48.950377575,15.589444520
48.951061608,15.593795174
48.951917591,15.593624600
48.951579227,15.588839953
48.954115462,15.587368172
48.953719743,15.583452268
48.954692092,15.581803932
48.955211204,15.581718163
48.955999482,15.583848737
48.956470145,15.587811673
48.954366442,15.592652274
48.953352837,15.595368972
48.954444419,15.596329598
48.953631602,15.600218723
48.952774904,15.602063005
48.951679270,15.602408351
48.950650070,15.605253032
48.950816046,15.605882510
48.952890559,15.603280965
48.953401506,15.603892265
48.955033863,15.601717074
48.955881563,15.601377917
48.956479567,15.602171245
48.958405742,15.605865253
48.959657193,15.610286087
48.959473687,15.612417271
48.957139203,15.615735212
48.952601848,15.617900426
48.951733373,15.622319402
48.951074792,15.624522471
48.948182828,15.621935268
48.946661556,15.620986616
48.943664019,15.622159994
48.942809770,15.623229505
48.941437438,15.626550345
48.940925422,15.629917152
48.941472048,15.634549607
48.942065673,15.636371153
48.942861338,15.637374440
48.943141412,15.638782787
48.942966189,15.639937666
48.940156611,15.641592184
48.938636076,15.642660006
48.937543216,15.645994392
48.938301706,15.646418810
48.938089844,15.647510962
48.939775318,15.650247079
48.943003252,15.651764116
48.945009515,15.651707588
48.945177466,15.650063676
48.947758472,15.653923070
48.947993054,15.658462301
48.950080175,15.657599374
48.952037836,15.657841155
48.953017998,15.663898579
48.954903144,15.664709583
48.958850892,15.662754520
48.960735751,15.662081383
48.963878288,15.660479977
48.964874091,15.665711969
48.965208062,15.670483517
48.962868514,15.674440774
48.963225104,15.678588957
48.961274162,15.680484072
48.961631287,15.684755828
48.966646285,15.693857152
48.967966567,15.699012270
48.968047175,15.703754505
48.967424867,15.705860709
48.965751777,15.707036940
48.962802098,15.712111878
48.961466886,15.716759767
48.957940903,15.718823641
48.956112807,15.719951550
48.951994859,15.726409080
48.948310535,15.728611807
48.947263482,15.730836126
48.949048994,15.731081831
48.949222153,15.732472180
48.951641710,15.734899113
48.952269317,15.738376913
48.955373338,15.739149141
48.958930280,15.742219846
48.960404747,15.738751212
48.962239426,15.740310130
48.962999375,15.737083980
48.963964174,15.737488918
48.963320265,15.740366649
48.963031394,15.741739643
48.967991614,15.744205490
48.969540773,15.745615515
48.969495309,15.746768490
48.967191923,15.751404520
48.966361727,15.754729389
48.966810783,15.755571436
48.970029700,15.757767190
48.971247714,15.757977966
48.972086551,15.756898475
48.974349594,15.756532073
48.978746395,15.757194527
48.980526565,15.758615811
48.979768651,15.760678638
48.979234744,15.761996976
48.978956506,15.768252286
48.979268071,15.778315098
48.979737459,15.781542163
48.983986848,15.792656747
48.991464365,15.795279780
48.991538502,15.800853506
48.994221606,15.803547600
48.993462622,15.805305877
48.994881837,15.806662420
48.997108312,15.797271710
49.001243345,15.800812823
49.001120735,15.804801763
49.002406208,15.806301036
49.003707221,15.812981296
49.010465468,15.819391730
49.007585860,15.824497859
49.006613718,15.828403452
49.012833301,15.835700675
49.010459635,15.844405502
49.011603823,15.845493647
49.011614102,15.847370851
49.013013046,15.847194952
49.014801450,15.849929501
49.011623991,15.858092651
49.010425422,15.864110032
49.011054065,15.866024829
49.009406287,15.867427247
49.006740908,15.866453369
49.007981589,15.869837024
49.008641008,15.875300272
49.010986963,15.870875380
49.015063068,15.873226471
49.013522272,15.876942881
49.014175598,15.880230094
49.017700769,15.876529703
49.018168699,15.880111990
49.020127764,15.880971064
49.020290959,15.876419135
49.021210502,15.877417658
49.032569909,15.884019299
49.033779423,15.886541678
49.038525966,15.883175057
49.038575924,15.885573561
49.038882964,15.891878748
49.036637910,15.897854176
49.034107232,15.907167199
49.031640709,15.910049441
49.031918702,15.902866749
49.030064264,15.901483951
49.028509353,15.906084212
49.030162776,15.910960642
49.028453631,15.915092393
49.031384818,15.920692538
49.033102461,15.921948982
49.035063322,15.927064769
49.038900901,15.933979682
49.041447290,15.931657010
49.043949053,15.931928645
49.049872987,15.929669126
49.050982823,15.930148509
49.051483053,15.931040343
49.051271912,15.932675932
49.048580858,15.938345519
49.045570344,15.945111451
49.046927075,15.947291390
49.050747557,15.949381327
49.051510073,15.950415402
49.052502861,15.954380950
49.056078154,15.959190695
49.056427817,15.960690845
49.055574383,15.962742031
49.054643061,15.963860891
49.051936251,15.963628156
49.048025352,15.965883368
49.046681518,15.967357399
49.046291419,15.970652291
49.045324843,15.971506945
49.043452622,15.969642483
49.039590366,15.970870462
49.039852175,15.968263941
49.039054885,15.967430461
49.037914276,15.972153826
49.035706008,15.975116413
49.035590028,15.977203535
49.035915973,15.978092047
49.037574276,15.977534010
49.039042480,15.977186607
49.039496050,15.978261567
49.038389913,15.980593756
49.035549718,15.983238022
49.035730698,15.980045787
49.032948140,15.981422895
49.030345518,15.990234470
49.029089454,15.991566477
49.028887153,15.994247049
49.028214728,15.994332970
49.026500421,16.001316077
49.026263942,16.007398552
49.026670058,16.010131126
49.027682312,16.012243194
49.028496078,16.021009573
49.029732380,16.022851335
49.034484830,16.025279826
49.035579569,16.026526106
49.035676844,16.027847437
49.035227011,16.030940644
49.035643511,16.032118732
49.038242336,16.033606741
49.040283072,16.033605024
49.043648948,16.030015500
49.045673983,16.030750984
49.046818949,16.031818650
49.047415277,16.034217271
49.046987275,16.035694684
49.045047899,16.038165302
49.043357743,16.036773224
49.041387052,16.039903211
49.042041832,16.043751041
49.040075270,16.045984881
49.041665006,16.051923513
49.041637049,16.053790403
49.039633276,16.055894014
49.038855078,16.059594181
49.035968753,16.063190637
49.035453670,16.066588630
49.035687313,16.067594875
49.038036244,16.068965785
49.038717749,16.070910172
49.038577526,16.073441668
49.038065391,16.075201967
49.034040182,16.079754517
49.032469515,16.081752890
49.030593170,16.085957756
49.030658836,16.087010723
49.031776001,16.088376301
49.032934729,16.087825781
49.034327990,16.085159377
49.035085234,16.084498437
49.037369042,16.084739396
49.038286546,16.085533608
49.039156501,16.087914667
49.039248959,16.090357583
49.037344503,16.096006691
49.036483019,16.099270143
49.039144404,16.100853603
49.040307985,16.101973410
49.039696623,16.109004442
49.039053127,16.111729889
49.036153179,16.116266195
49.035663635,16.117915051
49.037757737,16.119157832
49.040411590,16.124706169
49.041038973,16.120539280
49.042222377,16.123390936
49.043716933,16.124606426
49.045654890,16.124017997
49.046625293,16.125878402
49.046755485,16.128565183
49.046288168,16.129783139
49.044642592,16.130528328
49.043512636,16.132231469
49.043407907,16.134500781
49.044369824,16.138611136
49.046626506,16.143908278
49.047870489,16.146129163
49.049425331,16.146069994
49.050283350,16.144873709
49.050239501,16.142001927
49.051277129,16.139309598
49.053510128,16.139206076
49.054693033,16.138754995
49.055734465,16.132865154
49.057760970,16.128641984
49.058500858,16.128243616
49.060010202,16.129816312
49.063183748,16.135011419
49.063904051,16.135341443
49.064960158,16.133497645
49.064506279,16.135766877
49.065696956,16.137277239
49.067672883,16.146468456
49.069608702,16.151034496
49.069910775,16.156025273
49.072030884,16.159784270
49.073475798,16.162770731
49.073144172,16.171271843
49.070412165,16.179392460
49.072169806,16.181019951
49.073249446,16.182234581
49.071787935,16.186843918
49.071274992,16.189480878
49.073035658,16.192938301
49.072535116,16.196658913
49.074023706,16.198414134
49.073725544,16.201295443
49.071542768,16.208457713
49.071848964,16.210027994
49.074658904,16.214214564
49.075982215,16.215335836
49.078053711,16.214350113
49.080892686,16.217392962
49.082842007,16.220923737
49.082728226,16.224158645
49.083106342,16.225449675
49.084820776,16.226385360
49.085770610,16.226348923
49.088597445,16.224188115
49.093083854,16.218773533
49.094674110,16.218295297
49.096303545,16.218971781
49.097359366,16.220083830
49.099056052,16.223408272
49.099424533,16.225947512
49.098858384,16.229897279
49.098749884,16.234551324
49.099040754,16.238931759
49.100767453,16.241345480
49.100139661,16.246667379
49.100644424,16.247738266
49.103141551,16.247607829
49.104493161,16.254243575
49.110890975,16.258393105
49.111096363,16.261167200
49.115607749,16.264042827
49.114930342,16.266996299
49.129690631,16.271042410
49.129844855,16.265906730
49.133449104,16.265329090
49.133009271,16.255716396
49.134537192,16.253496626
49.137652244,16.256945446
49.142828229,16.261342561
49.146853888,16.258999352
49.146627359,16.256549694
49.144270944,16.256135556
49.140218417,16.251392417
49.137538653,16.244295142
49.138460280,16.239759920
49.136199319,16.237218570
49.136407280,16.233313920
49.139980558,16.237318603
49.141663218,16.236700285
49.143826786,16.238782765
49.143386176,16.240773360
49.144173115,16.243697408
49.146422589,16.245231613
49.148161102,16.241215656
49.151352884,16.238492703
49.155321943,16.238074802
49.160424313,16.233902611
49.159281438,16.231672508
49.158217904,16.228439437
49.162045743,16.230629747
49.164270046,16.225239081
49.169378107,16.229191709
49.171423267,16.231750960
49.174684689,16.232651222
49.174443822,16.234894395
49.175622229,16.236384772
49.176503469,16.240459436
49.175662047,16.243515634
49.174398165,16.258350633
49.176297591,16.259071497
49.179581719,16.261997519
49.176984869,16.270944137
49.178951560,16.272087387
49.178667272,16.273139740
49.183856719,16.275525625
49.184407735,16.269750178
49.194978702,16.267193086
49.196573133,16.268442031
49.195989370,16.271199132
49.199434184,16.273120378
49.201751263,16.272267867
49.208396515,16.260787416
49.209754070,16.251362872
49.211192832,16.246223724
49.211129438,16.235347040
49.211981329,16.233775777
49.214297206,16.235351296
49.218365055,16.235411511
49.221641040,16.237487489
49.226196135,16.234962784
49.229781118,16.238645310
49.232872198,16.240058773
49.240671706,16.243953285
49.246630164,16.251347278
49.248638232,16.251701841
49.252269278,16.252343359
49.253726966,16.255047750
49.252930250,16.258106237
49.254533280,16.265725420
49.251815660,16.271945489
49.253538849,16.273838818
49.254862616,16.280383857
49.256932411,16.284283494
49.256890196,16.287767765
49.263882750,16.287735131
49.265080348,16.286178493
49.266535051,16.282828372
49.268210526,16.277439100
49.272236731,16.277306700
49.272844240,16.272654964
49.274109766,16.272636319
49.273511751,16.260476024
49.275910897,16.256321221
49.280615123,16.254584541
49.291465860,16.258881632
49.292748098,16.261665621
49.291894457,16.263342977
49.294438461,16.274165593
49.297896407,16.275164293
49.296878422,16.277807953
49.296836628,16.280437152
49.298160202,16.280592739
49.299171942,16.277248610
49.302626625,16.281032395
49.302495149,16.284535259
49.306421824,16.289327758
49.310534181,16.290245714
49.311795957,16.294118677
49.316923734,16.289889321
49.318720006,16.292292244
49.319164708,16.290708375
49.320105611,16.290213029
49.324097161,16.290472344
49.325930127,16.304474921
49.327040049,16.305050013
49.328566411,16.308837639
49.328140893,16.312416083
49.330298828,16.319025334
49.336642669,16.330790666
49.338757361,16.334593971
49.343148306,16.334875874
49.345066249,16.336978226
49.344907490,16.338273922
49.346532042,16.342556623
49.346183860,16.346218245
49.344211379,16.345598302
49.339196152,16.348417188
49.338100893,16.351638011
49.340191245,16.350275855
49.342461805,16.354489759
49.342886662,16.353490831
49.344216772,16.356347783
49.345908780,16.356223860
49.347627320,16.365413018
49.349717153,16.367897303
49.351173238,16.372741735
49.354550145,16.376007335
49.355805543,16.385570931
49.358938568,16.385979969
49.358990313,16.383576207
49.360305775,16.382503273
49.360288594,16.386380624
49.363249109,16.381420605
49.364730041,16.382253286
49.366239248,16.378988786
49.371029829,16.374314444
49.371245646,16.372552682
49.372626716,16.373130685
49.375101219,16.377801280
49.375251401,16.380867064
49.377159249,16.382221720
49.377214849,16.377129532
49.379578476,16.374503257
49.383275771,16.372390802
49.386941985,16.371816944
49.388376623,16.372352026
49.388737635,16.373834527
49.387595493,16.374303603
49.387776596,16.375177799
49.386091157,16.377011704
49.386515928,16.377877636
49.389328311,16.376611283
49.391036668,16.377336217
49.393777636,16.377454188
49.399169682,16.379319154
49.403212250,16.378297695
49.406323211,16.380772167
49.407256476,16.381414602
49.409640470,16.385344391
49.413914058,16.383515634
49.414584833,16.382409870
49.413013689,16.374845401
49.412033736,16.374432838
49.413429085,16.370970790
49.415712203,16.369767284
49.417138977,16.368234101
49.419493708,16.373001247
49.420757924,16.372967314
49.421466850,16.369521867
49.423063162,16.368952659
49.426538896,16.370965853
49.427265736,16.374373435
49.429480451,16.374096959
49.434784833,16.366402510
49.439735281,16.364801000
49.444140461,16.365658189
49.447851764,16.367551307
49.452567420,16.379176742
49.457071823,16.381281524
49.463956987,16.373043096
49.466984434,16.382607547
49.469362941,16.388467233
49.472398040,16.389650730
49.475791005,16.388778196
49.475593445,16.381425300
49.478394606,16.378128724
49.481759581,16.379243031
49.484276861,16.382394931
49.484564628,16.377124269
49.481484316,16.375818417
49.485663272,16.366694600
49.486974332,16.363066531
49.489545255,16.361090784
49.490658336,16.359722585
49.493008640,16.362436004
49.496121334,16.361442444
49.498664672,16.353479502
49.500902218,16.356631937
49.500739111,16.365231293
49.498322239,16.367211488
49.493962514,16.371720895
49.491056585,16.372821487
49.492610598,16.382159234
49.492532666,16.384707335
49.495751518,16.388805927
49.496013214,16.387670927
49.498294635,16.388191740
49.503622940,16.396443668
49.509572884,16.401536237
49.510610324,16.406508703
49.510723421,16.409455819
49.521806425,16.415987379
49.524823662,16.418437350
49.528792717,16.415890440
49.534093989,16.414631620
49.537184753,16.409439176
49.538495497,16.409047854
49.538822209,16.401911969
49.538664728,16.395468781
49.540474296,16.394092506
49.540105985,16.386866166
49.542545409,16.385443159
49.543039599,16.381517220
49.544699771,16.380703894
49.545097193,16.376943022
49.549804367,16.375102473
49.550288708,16.372419272
49.553124861,16.372978597
49.554219041,16.378347290
49.554168637,16.382779664
49.555552582,16.383526488
49.554976050,16.384437131
49.556889946,16.385131058
49.557817563,16.387325824
49.564065465,16.390280153
49.566481207,16.388277837
49.568114334,16.389469323
49.567649828,16.391055128
49.569290325,16.391472027
49.571322987,16.392809726
49.575367419,16.391686712
49.577427789,16.392907159
49.579752175,16.389763792
49.581124278,16.389971952
49.580577835,16.392139446
49.579080941,16.396007363
49.573878631,16.400393834
49.572733859,16.402501656
49.571847255,16.406234897
49.572014438,16.407163817
49.572937001,16.407128958
49.576665740,16.405422412
49.579241125,16.408641677
49.582814847,16.414302159
49.584643839,16.419226829
49.585619036,16.419424199
49.587589677,16.418424917
49.591746164,16.415462909
49.592607652,16.415506793
49.595147502,16.417722908
49.595438333,16.418556244
49.594217955,16.423164175
49.592871327,16.425574041
49.593368685,16.427529366
49.594574119,16.430261256
49.594588073,16.432093174
49.596201889,16.433665571
49.598892947,16.435603851
49.597645371,16.437128257
49.598209350,16.440576011
49.598840248,16.441678388
49.596444938,16.445617257
49.595671819,16.448335639
49.594660432,16.448337603
49.591801620,16.446212977
49.588253286,16.445063862
49.587369948,16.445975364
49.589443455,16.451934250
49.590302993,16.454588351
49.590073870,16.459095419
49.592263025,16.462381737
49.592454161,16.464346070
49.592175936,16.467108389
49.590695900,16.469561624
49.591208112,16.471918532
49.597523482,16.481055830
49.599737159,16.487486138
49.598767829,16.492794963
49.597236557,16.495374600
49.593444573,16.498536879
49.591636850,16.501133455
49.590898639,16.503348412
49.590550864,16.505827561
49.591677566,16.507932367
49.591347839,16.510593683
49.589915086,16.516601299
49.591875160,16.515798530
49.590958332,16.528105522
49.590891016,16.534296091
49.592849946,16.537813313
49.589667435,16.538853627
49.590089397,16.540085178
49.590947600,16.539814636
49.591634850,16.541726665
49.590940855,16.542527593
49.591832426,16.543494029
49.594960992,16.540670761
49.599737036,16.540163345
49.602867467,16.542983955
49.605796068,16.544360649
49.607834700,16.543899122
49.607835122,16.546460081
49.609787877,16.547340908
49.619662403,16.543598499
49.622385380,16.546799259
49.624557608,16.551422346
49.628155773,16.550375115
49.629665460,16.559320670
49.627219145,16.566433166
49.630788942,16.574213013
49.626272050,16.576470203
49.623187815,16.586609921
49.625372760,16.591566599
49.623325176,16.597687075
49.623135560,16.603738478
49.621577443,16.605118567
49.623147226,16.610084844
49.623682777,16.613462266
49.624835756,16.613395815
49.626323954,16.618365048
49.627456996,16.616209436
49.628019237,16.617391295
49.631773071,16.617399366
49.632201366,16.623637136
49.629651215,16.631128146
49.629539984,16.635352746
49.624448191,16.642331035
49.619213145,16.651146656
49.624236149,16.657547206
49.625493057,16.662859114
49.623016432,16.670270463
49.625763878,16.668948065
49.627111991,16.664806451
49.628220138,16.665265122
49.623133267,16.678439127
49.623567663,16.679353032
49.623067433,16.683340159
49.623987004,16.687069558
49.624314928,16.692566970
49.626004518,16.697492307
49.625365832,16.698191827
49.624012862,16.696028557
49.623071273,16.698214191
49.621717071,16.710519383
49.620474312,16.716581902
49.619063067,16.717343358
49.615107936,16.719003431
49.615327046,16.719947249
49.614111169,16.720931660
49.614721076,16.726736577
49.613252923,16.730481655
49.610867355,16.736125482
49.611147773,16.737173344
49.608598634,16.742026732
49.606056103,16.755757018
49.605575796,16.758757341
49.604447897,16.759054166
49.601997162,16.767709939
49.598070112,16.775418552
49.596494508,16.784061952
49.598851740,16.796265246
49.599092642,16.804390501
49.597696909,16.804605880
49.598024954,16.805302428
49.595233713,16.800462617
49.595496221,16.797831336
49.592915317,16.796719069
49.591085768,16.791669649
49.591867281,16.788962474
49.586952749,16.788366464
49.586493340,16.792866574
49.580378453,16.797700827
49.579368471,16.802087903
49.576209328,16.800849931
49.574973672,16.797338026
49.573196912,16.792532124
49.574259442,16.790230780
49.572788829,16.786199879
49.572745905,16.783471961
49.573854683,16.779873961
49.577880767,16.778594460
49.579298770,16.771478838
49.578048942,16.768561997
49.579435672,16.766903680
49.579043191,16.766194477
49.582031531,16.764553043
49.577965469,16.763808711
49.578200274,16.762755297
49.580558474,16.762073107
49.580243754,16.760525192
49.581501843,16.758445307
49.581693587,16.753230879
49.587416903,16.745105404
49.581686245,16.748541213
49.581670003,16.746080908
49.578447341,16.747861906
49.577285694,16.744529322
49.574922308,16.742911842
49.570893388,16.745455824
49.565641410,16.746003927
49.563585056,16.747389488
49.563547309,16.749907995
49.563528102,16.751669483
49.562789913,16.752764507
49.562028651,16.751299825
49.559794479,16.752468031
49.558630637,16.749495618
49.555808328,16.746994382
49.553067545,16.747153995
49.550995455,16.746961762
49.548941132,16.741968766
49.547768686,16.740328685
49.544622108,16.737091007
49.543245600,16.737192930
49.543003332,16.737833410
49.542925134,16.738793927
49.543086053,16.747133224
49.544374091,16.755173284
49.544083684,16.758562728
49.542753688,16.759075563
49.542023151,16.764081775
49.543112087,16.770431240
49.541901461,16.773332383
49.541934192,16.777415258
49.541590493,16.779844284
49.540942317,16.779360531
49.539742894,16.781110575
49.535711390,16.788669176
49.534270087,16.793301951
49.534153893,16.797399732
49.533507584,16.800363659
49.534177273,16.804058873
49.533153706,16.807061581
49.533539689,16.809128744
49.535592974,16.810985665
49.536374864,16.813948860
49.534100879,16.810850812
49.532839719,16.812237262
49.534970924,16.814572075
49.534040391,16.815638205
49.533778544,16.821976538
49.532045478,16.822415155
49.533446696,16.823995926
49.534237428,16.827885712
49.531948451,16.833281515
49.530480096,16.831246042
49.530128113,16.821219382
49.531746367,16.817258329
49.531537036,16.810118531
49.524957370,16.803704231
49.523976284,16.801663084
49.522305099,16.804318765
49.516095047,16.806713661
49.513196666,16.804929279
49.512578115,16.802374375
49.511291518,16.799177957
49.511961786,16.797484852
49.511514057,16.795970237
49.512521157,16.793785003
49.509285304,16.787494721
49.505908658,16.790853168
49.501764287,16.787129985
49.499156515,16.787733749
49.496132779,16.784004281
49.491491108,16.790525399
49.488029324,16.788968865
49.485017185,16.789740664
49.482772255,16.793251039
49.478996995,16.792657166
49.476387515,16.797177969
49.472945191,16.797348583
49.473092938,16.795816372
49.472382410,16.795345972
49.471114147,16.796625427
49.467894881,16.797541033
49.462087737,16.796853055
49.461172980,16.798407877
49.456569388,16.797996576
49.455562518,16.803207128
49.452318450,16.807049717
49.452460072,16.809110011
49.451550457,16.813505240
49.452462437,16.815330073
49.451094874,16.818062713
49.448143861,16.817618502
49.447731503,16.816222031
49.444525576,16.816016053
49.444145847,16.819308406
49.440685490,16.822640321
49.440119454,16.819267999
49.438416858,16.819623316
49.438683854,16.827466818
49.437361604,16.828226355
49.431726897,16.827015265
49.432479343,16.823222837
49.430968788,16.821502153
49.430286084,16.813932175
49.428608787,16.811235108
49.429233676,16.801259496
49.424178870,16.797841118
49.421407451,16.799745050
49.420148479,16.798663870
49.417576004,16.797416938
49.416313348,16.795101604
49.413963617,16.795775771
49.411720032,16.795220817
49.410774598,16.795686313
49.411227442,16.797271841
49.410418694,16.799970577
49.412469931,16.802971701
49.412570508,16.806928136
49.412149293,16.807641118
49.409185843,16.806886706
49.406621130,16.805357091
49.405659508,16.805908158
49.404474350,16.808060994
49.403424290,16.814879994
49.400148202,16.826330573
49.398903210,16.828830842
49.394109240,16.833811672
49.391199537,16.838187733
49.387991179,16.849018831
49.386693959,16.853325319