#Stredocesky
49.511002567,13.768404647
49.513222809,13.766053013
49.517835400,13.766773653
49.519912304,13.766539348
49.520205847,13.768473612
49.523268965,13.769892221
49.529608252,13.771441580
49.533842777,13.771581317
49.537102784,13.770506977
49.539346430,13.763634164
49.544891374,13.765269240
49.548094964,13.756839209
49.550126920,13.753562454
49.551037280,13.750842293
49.551354148,13.748616092
49.551069749,13.746362533
49.549797185,13.743162166
49.548130920,13.741413997
49.544782945,13.739503267
49.544143582,13.738208892
49.544628066,13.736146942
49.547598728,13.739747397
49.555354792,13.744182187
49.557636929,13.744745395
49.561195196,13.741846521
49.561310102,13.737817720
49.564954364,13.739909258
49.568147822,13.739280241
49.572036682,13.741312229
49.574237605,13.741856822
49.579323777,13.739254466
49.583842104,13.737679428
49.584851420,13.738134134
49.589622742,13.744130992
49.592492490,13.747346964
49.595234951,13.750754210
49.597310639,13.749839586
49.604521143,13.749497858
49.605648314,13.748071445
49.609333468,13.747850857
49.610576879,13.748387501
49.613916366,13.753101840
49.614963969,13.753633316
49.617726284,13.753904116
49.619405845,13.753010636
49.621539940,13.749808973
49.622165495,13.748021511
49.621193605,13.743841314
49.620933411,13.741869320
49.621995539,13.739761676
49.622169054,13.736478349
49.622533710,13.733403566
49.624905439,13.732693340
49.626360074,13.731978177
49.628297732,13.727240272
49.628797604,13.724861825
49.628529867,13.722725812
49.626040976,13.720457798
49.625684593,13.718328105
49.625791050,13.716513072
49.627846878,13.708729067
49.628820354,13.706947358
49.630517786,13.705595436
49.631814886,13.705568419
49.631302772,13.709619321
49.635164331,13.712838027
49.635171133,13.708443886
49.635622627,13.699677827
49.637758471,13.699297890
49.638398371,13.694591661
49.637835330,13.692035333
49.639786696,13.686980457
49.638531629,13.683273460
49.638458540,13.681660441
49.639740940,13.680225344
49.642656083,13.679371417
49.643801986,13.678523365
49.645184756,13.674652024
49.645004606,13.680637700
49.644066118,13.686869841
49.640372968,13.696323641
49.641229739,13.706697149
49.642837143,13.708108505
49.643362959,13.714841634
49.645822835,13.717661232
49.646618729,13.714768233
49.650399400,13.711914778
49.651155146,13.710028566
49.653626525,13.710115996
49.658757729,13.704089292
49.658849869,13.699638554
49.657319525,13.696659647
49.658797178,13.695765302
49.657994034,13.692124202
49.659274869,13.692401525
49.660206087,13.687701018
49.662340719,13.685885406
49.667043343,13.689907407
49.668786351,13.687039384
49.672104137,13.688940054
49.671245224,13.690315971
49.670233935,13.689816295
49.670038854,13.691765229
49.668570672,13.691050126
49.667194525,13.695757239
49.669549039,13.696142204
49.670379581,13.697412690
49.668796657,13.697017570
49.669356371,13.699257031
49.668184500,13.699927959
49.671569058,13.704905029
49.674040749,13.712315320
49.672051669,13.716228523
49.673932902,13.719272106
49.675110485,13.722181344
49.676086416,13.722122523
49.675961170,13.724047207
49.678673311,13.727229303
49.678777661,13.721562700
49.679802589,13.720494106
49.680791509,13.721047186
49.681085105,13.719553328
49.680598033,13.717688884
49.681991673,13.712869465
49.683625065,13.712462315
49.684189971,13.708292846
49.681957039,13.702049749
49.682820641,13.701671444
49.685081057,13.705730134
49.685721887,13.701691646
49.683113500,13.695802880
49.684321956,13.692000876
49.683525181,13.691368200
49.683299875,13.686642676
49.681356130,13.685233094
49.679604301,13.685257702
49.678776129,13.682021438
49.675727567,13.681982717
49.676824181,13.675692133
49.683913584,13.672941382
49.683201118,13.676601601
49.685009826,13.675937523
49.686400736,13.672053931
49.689084412,13.673405272
49.691602924,13.675214710
49.695774506,13.672840701
49.700820583,13.676839305
49.700737848,13.681003322
49.704054149,13.687444384
49.709922887,13.691974085
49.711463225,13.693824125
49.716049411,13.696446201
49.716941408,13.695699409
49.721759000,13.705974082
49.725390818,13.715963754
49.732174976,13.737327471
49.732661903,13.745305784
49.732068297,13.745752908
49.731638284,13.741903510
49.728684957,13.743147466
49.727338232,13.742461384
49.727344055,13.743954530
49.724968667,13.745255200
49.728487265,13.745176037
49.726124752,13.747662563
49.725388658,13.746612418
49.723264308,13.751315704
49.723771151,13.751771517
49.719196713,13.758426091
49.719066374,13.762312916
49.719667726,13.765389553
49.718998808,13.767435758
49.722205681,13.766563810
49.723936707,13.767757951
49.724018871,13.769962592
49.726136335,13.769293459
49.728003996,13.772692911
49.733285090,13.773184908
49.734890587,13.773057705
49.736585282,13.776551643
49.736262011,13.778412344
49.741673939,13.780284755
49.742380527,13.783615432
49.743620180,13.792477075
49.744312902,13.791731845
49.745118411,13.793999971
49.746292905,13.793352211
49.745684694,13.796333328
49.746592426,13.797282758
49.747397291,13.803482019
49.749814848,13.808577690
49.751001492,13.808826470
49.750345971,13.810638813
49.752049344,13.811451460
49.754662333,13.816792863
49.755601015,13.816918158
49.758799914,13.814689992
49.760757181,13.812441263
49.761461743,13.804996690
49.764589008,13.802033166
49.765390114,13.798924916
49.765351889,13.796843027
49.764779982,13.795086276
49.762564149,13.791681040
49.761416232,13.791362151
49.760397327,13.789912121
49.759205961,13.785427462
49.759326481,13.782349801
49.759906399,13.781706495
49.761107973,13.781586884
49.761427334,13.782655235
49.762341778,13.782850476
49.764762821,13.782107596
49.766093806,13.782800640
49.766916962,13.788035770
49.768429570,13.791149833
49.769555422,13.794883094
49.770522107,13.796119127
49.774359964,13.797304537
49.778506049,13.797473894
49.780157071,13.798213054
49.781126832,13.799530905
49.782755820,13.799908636
49.785346992,13.799051650
49.786638319,13.797852239
49.788729256,13.794020201
49.789124056,13.791950601
49.790173449,13.791361263
49.794493699,13.792517926
49.798264019,13.789532573
49.801700156,13.789065166
49.802476891,13.789580554
49.803295639,13.793848731
49.803215777,13.801437686
49.804055831,13.804172278
49.805289406,13.803840003
49.809000297,13.801204530
49.811480225,13.808216275
49.813015734,13.808695597
49.813128933,13.805565263
49.813806145,13.805331876
49.818927371,13.808206778
49.820635714,13.807307970
49.821399213,13.804135695
49.822715501,13.800082848
49.830716306,13.797628405
49.837309895,13.806536997
49.843844005,13.801733061
49.842989616,13.799422075
49.844932118,13.798438021
49.845906477,13.800768359
49.847297351,13.803660965
49.846738372,13.806402341
49.852383207,13.811044423
49.854029979,13.813570718
49.855499291,13.811133754
49.858919570,13.807994695
49.859627055,13.811159180
49.868047374,13.809970844
49.866242122,13.812796402
49.866345612,13.815435589
49.867829559,13.815369198
49.866259040,13.817119559
49.867214305,13.817613936
49.867143215,13.819366128
49.868516323,13.820341277
49.868396262,13.824178126
49.867680047,13.826799759
49.868752863,13.828832501
49.866008023,13.829692950
49.867582672,13.835127002
49.877134207,13.829354359
49.883812906,13.827619327
49.892923241,13.827294556
49.897337526,13.823512233
49.901585864,13.825302346
49.904715926,13.823803980
49.904860447,13.820610105
49.908509086,13.819022364
49.910976068,13.818877559
49.913193113,13.822447713
49.916382713,13.820713006
49.919111990,13.821713680
49.920473952,13.818903896
49.924145381,13.821418702
49.925547012,13.828010067
49.927667331,13.832198859
49.927389634,13.822967640
49.926393443,13.812772714
49.927324945,13.809928619
49.932332883,13.798854890
49.934174866,13.793143194
49.939302628,13.786624435
49.939922217,13.781349010
49.940451653,13.766566929
49.942297501,13.762351466
49.941903868,13.757999640
49.938463241,13.752662122
49.940555034,13.743182980
49.942375671,13.743982520
49.942346572,13.742333110
49.943824891,13.743931568
49.942246986,13.746460630
49.941752921,13.749399205
49.943891802,13.750872967
49.948998152,13.750383382
49.951090934,13.752042534
49.952393224,13.750056201
49.958293661,13.753442643
49.959554377,13.750056840
49.964747941,13.749720445
49.965726606,13.748155116
49.963480539,13.739314587
49.967416018,13.726859157
49.967260773,13.723786376
49.965500911,13.709369964
49.962953827,13.704503438
49.961860402,13.702337110
49.962788385,13.701582609
49.961837531,13.699707739
49.970751831,13.698926647
49.972435514,13.697437400
49.974931057,13.694133560
49.977699871,13.692571345
49.978215806,13.691150671
49.978368477,13.687850525
49.976513606,13.683642592
49.977381006,13.679962779
49.978889559,13.677902837
49.981866900,13.675246327
49.982338170,13.672085222
49.986345318,13.670357276
49.991030522,13.667733343
49.996217851,13.666753309
49.997288173,13.659773469
50.002183958,13.654785375
50.001876608,13.648614503
50.002942547,13.645880425
50.001826597,13.643618382
49.999207264,13.642080132
49.998638987,13.636990548
50.000586969,13.631981740
49.998600694,13.630507080
49.995635034,13.632667562
49.995089636,13.630006850
49.994951370,13.625522297
49.993230381,13.619319800
49.993235927,13.612925442
49.991552766,13.605039643
49.992967227,13.598652813
49.993636161,13.584790681
49.994381980,13.572122749
49.995164597,13.568067745
49.998091909,13.567406836
49.999699445,13.561723135
50.001043000,13.563308829
50.002750393,13.560646652
50.005018034,13.554834430
50.006066171,13.557127608
50.009590266,13.552940450
50.010982622,13.544652471
50.013330869,13.541191204
50.013238968,13.537315824
50.014738310,13.534669209
50.013221412,13.520557465
50.019693097,13.516023510
50.020241013,13.512661713
50.020782332,13.504813913
50.022106806,13.501963728
50.024931582,13.503250038
50.028634799,13.503466593
50.028489639,13.506196156
50.031123733,13.508426395
50.030533575,13.519255332
50.030417446,13.531332689
50.029088218,13.536308928
50.031384092,13.537113365
50.033517804,13.526623048
50.032722583,13.523659089
50.040728437,13.519757580
50.040938325,13.513646840
50.039457655,13.499365149
50.038704068,13.497026667
50.035614264,13.493190676
50.033828120,13.491927658
50.032836957,13.486011645
50.034000586,13.480097797
50.035214827,13.477428455
50.036289696,13.476979655
50.039315226,13.480239678
50.040877812,13.480226148
50.040000058,13.473328481
50.042645016,13.471536843
50.039748435,13.465016692
50.040355263,13.456468566
50.040885384,13.447137502
50.040909417,13.444765512
50.038186637,13.444257256
50.034403799,13.440983474
50.033361247,13.436622895
50.029524119,13.434102409
50.027824616,13.434392338
50.028578019,13.423639967
50.032662225,13.421785968
50.032688249,13.423266411
50.034837713,13.422274613
50.033253580,13.405468152
50.031558026,13.400301773
50.032824307,13.397716701
50.037504349,13.397589386
50.037836193,13.399777460
50.040357549,13.401012643
50.041608742,13.402837701
50.043617657,13.400872410
50.047201702,13.406662058
50.049290825,13.411672774
50.052714570,13.409667171
50.057979652,13.414330174
50.061912964,13.414193532
50.060518545,13.423964381
50.061157790,13.430625552
50.064893052,13.430791022
50.070578175,13.428940284
50.072049126,13.427142351
50.076618282,13.425878112
50.076660917,13.419683279
50.083461558,13.414907244
50.079005228,13.409862045
50.081485967,13.407230503
50.088544192,13.408832409
50.089127446,13.407912073
50.095288895,13.409083658
50.097577835,13.404669852
50.100047192,13.411067955
50.099205932,13.416903880
50.101033258,13.417272721
50.103088045,13.420913366
50.103841105,13.424260913
50.105501257,13.423846499
50.105634540,13.425684299
50.108670100,13.424919642
50.109415612,13.434085037
50.108964345,13.437208415
50.109345185,13.439256845
50.106918397,13.444324233
50.104408074,13.455655228
50.105876206,13.462731935
50.109427457,13.464379659
50.111265015,13.461292305
50.112670064,13.460591097
50.113679870,13.461909796
50.112417700,13.464742272
50.113564170,13.470664061
50.116931957,13.469574084
50.120948566,13.470113836
50.123442341,13.467791509
50.124969986,13.467641834
50.129843828,13.468941896
50.131624869,13.469943530
50.131139672,13.471412298
50.129837328,13.470263324
50.129406494,13.471354372
50.130272582,13.472693248
50.127936810,13.476367557
50.126359352,13.477354965
50.125841690,13.479516029
50.125697500,13.484612558
50.125627700,13.488184404
50.126099247,13.490273352
50.126767634,13.491351275
50.128541757,13.492403597
50.130615336,13.490621735
50.132612225,13.490869048
50.135698782,13.487997022
50.139837105,13.487729116
50.141421045,13.484738394
50.141164042,13.480387325
50.141678120,13.479987679
50.143046827,13.480488377
50.143698820,13.483081635
50.143655407,13.490517955
50.144287123,13.493040470
50.145496946,13.492481624
50.145638139,13.493661136
50.147729039,13.493375877
50.148285233,13.494522066
50.154170414,13.490312532
50.156758432,13.488584707
50.157215631,13.487764440
50.159702711,13.491581027
50.166874641,13.487703014
50.167220306,13.489116875
50.163321525,13.495161560
50.164874285,13.494764358
50.165938614,13.501083042
50.166446520,13.506726565
50.167699501,13.507840731
50.167863694,13.509921326
50.169550420,13.508744465
50.169438205,13.513146036
50.170391827,13.513135629
50.170652355,13.514801736
50.172100830,13.512944533
50.173627803,13.519641893
50.174174510,13.516633451
50.177695899,13.515625634
50.179873619,13.519169029
50.178693916,13.522591698
50.180646146,13.523227601
50.180702757,13.525138472
50.182164043,13.525113183
50.183498048,13.528773408
50.183800731,13.534379051
50.187761841,13.535580710
50.190248589,13.538090662
50.191379591,13.542671385
50.190732668,13.545022684
50.191567367,13.545005213
50.191436830,13.553210514
50.193105526,13.551936938
50.194512600,13.558075336
50.186074750,13.567919362
50.186244626,13.570640767
50.185038371,13.572852270
50.186613778,13.573640099
50.188129253,13.580637780
50.187969272,13.587135472
50.193171861,13.597339372
50.194710251,13.598979211
50.192469893,13.607405192
50.193330630,13.608137477
50.195891536,13.605731689
50.202544762,13.620588032
50.202588104,13.622758918
50.206787920,13.621237521
50.208875124,13.619771477
50.208150418,13.630767103
50.209972533,13.634247829
50.214142224,13.636037450
50.216834263,13.638728452
50.217852887,13.636538137
50.219167337,13.637742978
50.217704035,13.642329515
50.218703386,13.647485914
50.227034515,13.654334573
50.232161313,13.663626538
50.237883508,13.669814299
50.235174411,13.673065979
50.233594078,13.670968938
50.229272794,13.672554339
50.224440706,13.670478841
50.222368591,13.671725617
50.225490058,13.679724675
50.225079881,13.687578235
50.223068397,13.692346109
50.220885584,13.696073542
50.222282089,13.705552085
50.222295284,13.708960039
50.224939456,13.716842386
50.224761388,13.742601804
50.223377574,13.750099972
50.228821463,13.753581598
50.233938541,13.752626429
50.234214225,13.754203953
50.232284569,13.756101663
50.239018657,13.759391598
50.239385735,13.761265793
50.234891201,13.764202947
50.232112727,13.764225864
50.232269623,13.770052107
50.235882053,13.772135594
50.235799687,13.776386188
50.241302192,13.781860197
50.251589820,13.793988633
50.256026414,13.797699492
50.259161999,13.798774938
50.259983732,13.803668950
50.259582379,13.804914105
50.261723680,13.811581425
50.262815413,13.811984913
50.262492071,13.815716863
50.262714328,13.816927785
50.260677768,13.819246456
50.258986472,13.818940943
50.257862125,13.821298488
50.260319323,13.824355252
50.259617366,13.827053224
50.253079700,13.831669388
50.250708471,13.832838607
50.246853266,13.836895109
50.241232166,13.837121328
50.239566936,13.839332486
50.241597563,13.847170741
50.243086807,13.862466562
50.243451845,13.863654685
50.244608791,13.863395529
50.253014146,13.864192560
50.254172396,13.868046688
50.259381317,13.864859117
50.261033369,13.870115549
50.264263134,13.874462521
50.270243940,13.877816251
50.270090282,13.886625028
50.274620827,13.906179173
50.275029765,13.909625652
50.274990697,13.912719764
50.273954929,13.914287218
50.273668544,13.913156874
50.272283876,13.911941723
50.271692963,13.912031916
50.271572170,13.913790709
50.272527139,13.919215750
50.273690829,13.922325632
50.276396228,13.925408720
50.278041505,13.927915607
50.279113414,13.936660197
50.280230825,13.939390635
50.281545713,13.941454406
50.285602107,13.942092179
50.287382835,13.942790968
50.288840353,13.946155644
50.288961302,13.947392611
50.287925914,13.949067332
50.288183639,13.950777381
50.290015555,13.951926609
50.291413349,13.955952544
50.294091161,13.955834327
50.294398460,13.957295255
50.295496179,13.958052231
50.298114091,13.958381585
50.301605660,13.957186705
50.302738972,13.956035015
50.302736552,13.954925098
50.304526796,13.954539698
50.304462815,13.949906397
50.305078367,13.951852858
50.306442482,13.950885181
50.306701824,13.953138289
50.306439517,13.954201907
50.305362291,13.954537678
50.305405347,13.959340254
50.303825788,13.959941932
50.303541843,13.964943963
50.304883963,13.970246044
50.303933388,13.971365639
50.303614720,13.970173543
50.301859076,13.971132013
50.302317489,13.977198084
50.301822549,13.980407694
50.302830946,13.983372403
50.302151596,13.989267252
50.302506062,13.990904540
50.305069342,13.993495701
50.306581144,13.989190314
50.306335515,13.991854881
50.308545140,13.992277524
50.309357425,13.989156819
50.313283731,13.989678368
50.314231965,13.991200655
50.316344685,13.992510525
50.317377228,13.992514489
50.318491202,13.989612156
50.320844628,13.988436378
50.321190900,13.983506887
50.322610464,13.981895970
50.326538024,13.980235148
50.330657295,13.980086790
50.332783700,13.980871063
50.334413578,13.989394203
50.335269198,13.992304724
50.336425706,13.989271137
50.337084133,13.994463711
50.339410551,13.995974068
50.341227540,13.997550167
50.342275019,14.002632042
50.345745257,14.006899239
50.347306915,14.011318975
50.347980501,14.017074191
50.347693598,14.019640659
50.344011195,14.023327161
50.342795841,14.024773379
50.342600035,14.026206536
50.341589226,14.026375620
50.340403442,14.029334280
50.339988394,14.032405487
50.343856325,14.031599911
50.343950367,14.036303493
50.345917085,14.036358349
50.343204258,14.046229446
50.340857466,14.052552879
50.339754377,14.063157636
50.339662552,14.066832025
50.338551106,14.067490883
50.338589414,14.070501915
50.337325580,14.070883824
50.336540749,14.075127801
50.334665911,14.076378961
50.334209471,14.083821316
50.334244563,14.107592005
50.334680378,14.116995219
50.333051125,14.117153161
50.332222603,14.119689541
50.331596626,14.126281931
50.332310194,14.132717839
50.333110121,14.133128269
50.333175305,14.135036653
50.332393659,14.139755487
50.330592382,14.142827428
50.331415670,14.146506845
50.332460562,14.146514425
50.332751104,14.150032263
50.332425832,14.158381207
50.333154564,14.160617827
50.333126433,14.167142239
50.334098400,14.167549355
50.333957923,14.169211653
50.335273797,14.170411215
50.335424868,14.171381237
50.333477502,14.179575450
50.334203536,14.182501769
50.335712686,14.183456204
50.341443014,14.184249490
50.344571282,14.183095654
50.345330376,14.183576497
50.345653729,14.186929593
50.344505697,14.193132429
50.342996312,14.197366391
50.342058168,14.198741262
50.341191300,14.197922172
50.339056007,14.194740766
50.335141510,14.201785910
50.336601116,14.202266761
50.334723103,14.212174520
50.337155271,14.211355661
50.336746083,14.215388939
50.339608093,14.217332954
50.333928610,14.237299973
50.333349778,14.240766882
50.332304147,14.240748896
50.331139308,14.247402998
50.328759065,14.247282436
50.328481923,14.250674330
50.330698675,14.251402346
50.330628975,14.252651443
50.333178209,14.253240255
50.337218145,14.256791216
50.336461337,14.258478504
50.337982905,14.260289417
50.341039277,14.262972242
50.340697367,14.264021417
50.343101448,14.263902150
50.348704227,14.269099686
50.349691665,14.268264143
50.350535259,14.269678936
50.349002922,14.271934360
50.350159643,14.273907951
50.351331384,14.273306098
50.353129963,14.275072780
50.354338791,14.277706672
50.354095313,14.279640239
50.353405353,14.281690044
50.349566006,14.289427667
50.348693134,14.295621582
50.352045779,14.297998643
50.350285017,14.304114811
50.349512000,14.304098552
50.349411571,14.310004917
50.353747266,14.308439336
50.352790238,14.313188810
50.354001047,14.313942866
50.351960422,14.322739599
50.354176583,14.323572071
50.354703070,14.322653310
50.357238097,14.324111804
50.355912869,14.327380433
50.357737904,14.328715218
50.357855846,14.333398406
50.357400925,14.337166338
50.356594386,14.339553191
50.355264732,14.339093811
50.354546057,14.344497400
50.352811495,14.344793832
50.352673422,14.347536031
50.352692534,14.350821823
50.348536552,14.352062214
50.348818355,14.354012630
50.349832373,14.353164705
50.350236341,14.354138313
50.349130077,14.355379256
50.349668227,14.356330915
50.350405635,14.355830596
50.351961258,14.353937955
50.353083777,14.356055516
50.352004519,14.359343322
50.351346200,14.359234167
50.349886604,14.357463860
50.348573996,14.358732335
50.349861775,14.360052347
50.349639546,14.361232392
50.351801334,14.363813207
50.351543794,14.367260652
50.352893544,14.368709227
50.356845112,14.369801577
50.358913281,14.371256967
50.359266705,14.372995163
50.360256244,14.373725489
50.361254189,14.373814165
50.361651437,14.371019773
50.365304911,14.372819492
50.365557119,14.370847983
50.367748535,14.371099305
50.368193594,14.367922371
50.371842874,14.369468992
50.374969491,14.367877406
50.377878727,14.368548199
50.378409338,14.369274131
50.377554920,14.373391558
50.376093100,14.377855642
50.376257718,14.379060684
50.377515307,14.380000046
50.383446477,14.378601082
50.389899876,14.376098617
50.392664895,14.376982418
50.393054530,14.379132861
50.393904297,14.379557918
50.395523761,14.379242307
50.396863717,14.377561955
50.398482955,14.374315932
50.398135445,14.369459735
50.399027993,14.368828240
50.403379061,14.369946774
50.405597114,14.364340074
50.406328490,14.363983934
50.408367260,14.364464588
50.409315396,14.365725323
50.410843554,14.370197599
50.408882365,14.373372991
50.410528962,14.377115665
50.411171880,14.376912352
50.413202569,14.371319053
50.415749866,14.372620041
50.417786444,14.367113837
50.418774571,14.368024959
50.419385863,14.366418081
50.420278584,14.367481992
50.419413609,14.370429396
50.420973861,14.372269444
50.421626541,14.372394317
50.423758474,14.370092675
50.423991285,14.366872721
50.425197340,14.367066187
50.425713226,14.365556255
50.426854569,14.361993149
50.428504366,14.361867291
50.429505109,14.361278189
50.429304861,14.363324997
50.430090791,14.363488637
50.430088925,14.365418598
50.430831624,14.365401238
50.431331428,14.370236320
50.432403495,14.369529617
50.433015663,14.372555841
50.434408759,14.371989977
50.436017289,14.377462293
50.433163912,14.382323017
50.427846143,14.390803477
50.423540717,14.403328489
50.420821856,14.416673854
50.423386369,14.418075926
50.422175059,14.421020212
50.422683405,14.422054233
50.425348246,14.418920401
50.427665988,14.423504162
50.430174717,14.419832589
50.429174380,14.414441966
50.429347049,14.411246466
50.430090676,14.412168739
50.430853806,14.410424298
50.434121543,14.417345391
50.433060643,14.419833130
50.434932311,14.422233244
50.436814020,14.417519622
50.437653444,14.418603365
50.436702133,14.420892870
50.439258526,14.424993002
50.439636087,14.426915296
50.440416085,14.427899071
50.443051175,14.427704572
50.450954215,14.422957977
50.452436050,14.423864109
50.451898839,14.426665269
50.449517602,14.433623196
50.446196274,14.439727059
50.446055149,14.449401276
50.453531558,14.448043237
50.451258675,14.456698394
50.448593942,14.463162794
50.449175287,14.470328665
50.448754541,14.473404725
50.451944369,14.471487209
50.455871695,14.473128104
50.458706805,14.471408604
50.461321181,14.474016449
50.465252353,14.472378757
50.468258107,14.473546762
50.468554968,14.467806083
50.469439346,14.471072629
50.472827926,14.471117732
50.473799971,14.471961393
50.474898872,14.471141238
50.478463936,14.469779065
50.480616945,14.466380381
50.484175370,14.464765947
50.491980857,14.459439630
50.495217387,14.455099523
50.497168574,14.456533739
50.496806848,14.459038478
50.498370229,14.464092934
50.498594035,14.471111135
50.499588633,14.473336084
50.509097628,14.469255900
50.509187666,14.473145410
50.506401497,14.481064002
50.504761904,14.485809196
50.504049312,14.486294872
50.504327183,14.487827382
50.502893365,14.486815804
50.500637888,14.486319291
50.499006447,14.487391339
50.498490088,14.490617454
50.498997048,14.495227572
50.498012870,14.497126883
50.496752822,14.496369587
50.495330814,14.497382811
50.492934360,14.500324858
50.493890643,14.502231072
50.495194523,14.503052705
50.498800734,14.503382501
50.499643354,14.502159458
50.502865224,14.505316877
50.505632486,14.505534368
50.507569727,14.506851890
50.509205978,14.508743092
50.509992397,14.510490790
50.510409499,14.513039357
50.510033957,14.521648474
50.510719827,14.524959499
50.509380441,14.524246706
50.508651480,14.520805551
50.507789756,14.521984186
50.505631011,14.527710667
50.503296048,14.528133692
50.502985325,14.529790496
50.502227989,14.530279369
50.498962493,14.530210968
50.497788259,14.531504049
50.497180073,14.536477164
50.495874468,14.546855788
50.496661316,14.549130384
50.496606217,14.551772070
50.499911938,14.554816345
50.504450480,14.548714574
50.506226247,14.564353738
50.510043427,14.566771377
50.510932115,14.569379503
50.510255430,14.572917967
50.511447644,14.579472386
50.508819174,14.579595290
50.507493782,14.577936322
50.504231085,14.578835560
50.503124657,14.576508634
50.501680589,14.578044363
50.501885562,14.579492977
50.500774129,14.578935278
50.498020194,14.583824010
50.498520637,14.581235819
50.494051545,14.575343664
50.490621626,14.576690759
50.488901549,14.579672613
50.486056687,14.579926704
50.480926863,14.581560053
50.474907204,14.588856500
50.475324515,14.591588520
50.479099049,14.592225723
50.478175006,14.598969924
50.477753774,14.601028167
50.475578852,14.602212356
50.474452735,14.608301941
50.473205683,14.610253162
50.475994686,14.613563903
50.479188568,14.611570423
50.481960052,14.616996659
50.483295961,14.618605137
50.480928879,14.618717464
50.480452344,14.623826845
50.481185897,14.627925578
50.480456189,14.629989019
50.481884644,14.631515674
50.483924718,14.630554568
50.486853034,14.631589748
50.487001231,14.632997377
50.485268331,14.635422025
50.483051745,14.640875887
50.480514626,14.645134357
50.480529829,14.648481934
50.484984603,14.647963690
50.486287175,14.655217457
50.485374387,14.667640940
50.486101975,14.674656231
50.486855122,14.676991615
50.481686578,14.687723299
50.481315107,14.690381390
50.481990546,14.691917055
50.483110463,14.692084716
50.488409608,14.688070036
50.492089928,14.687506477
50.493368177,14.689727787
50.492852721,14.690276795
50.493983316,14.695549326
50.494576552,14.698142124
50.496177688,14.697666863
50.496287662,14.711183580
50.499473128,14.716101823
50.498346848,14.718425149
50.504612746,14.720752385
50.512091038,14.723834893
50.517133083,14.726480796
50.517440273,14.724686719
50.518801813,14.725253831
50.519984261,14.724515526
50.518381514,14.737622550
50.517537672,14.743222891
50.518312129,14.743659959
50.516738165,14.752618735
50.523609050,14.757409867
50.527990599,14.758942717
50.548866072,14.749693286
50.556595897,14.750797230
50.558493492,14.752900314
50.560054445,14.756127802
50.560888239,14.760730605
50.560773882,14.765946320
50.559486353,14.773518676
50.556390816,14.784302148
50.550643592,14.800939461
50.549749878,14.803330450
50.541621472,14.817721640
50.539502828,14.822470862
50.538598976,14.826988589
50.538710525,14.828784402
50.540857056,14.833893476
50.548738410,14.843747099
50.552012121,14.849883872
50.552409730,14.853076514
50.555666431,14.855796419
50.557147148,14.858823881
50.558125390,14.857027547
50.560766431,14.856494502
50.564063124,14.850071752
50.565293170,14.848154521
50.568959187,14.848684482
50.570126055,14.847570284
50.572212418,14.846618847
50.572663479,14.848644187
50.572309875,14.852654247
50.574556477,14.864430663
50.575938921,14.863831807
50.576499945,14.867737042
50.578791828,14.870451986
50.577880951,14.872081085
50.580341241,14.876192666
50.579618480,14.880505522
50.580294885,14.886449269
50.582012555,14.888429161
50.580679056,14.891036469
50.583115859,14.900502630
50.586817509,14.908272531
50.591986753,14.905799076
50.595208629,14.902587842
50.599914778,14.898443686
50.601807347,14.898328815
50.602386132,14.895898882
50.605414683,14.903761773
50.605983157,14.907068281
50.604900229,14.907813998
50.605461332,14.910576363
50.606418089,14.917502958
50.610634354,14.914634227
50.616391285,14.908156245
50.616947106,14.907014404
50.617776218,14.909191692
50.619144787,14.914405599
50.618323572,14.921292123
50.618701613,14.926425740
50.617711515,14.928976103
50.618397540,14.930597929
50.617113352,14.932872255
50.615891937,14.932520266
50.615876952,14.931369155
50.611280923,14.933337180
50.609914201,14.930735459
50.607594768,14.931636209
50.608179920,14.934771497
50.606583099,14.937877226
50.604291382,14.941327521
50.606518966,14.942420679
50.607127410,14.942509609
50.606264316,14.944933188
50.608545814,14.946217803
50.606355305,14.950158478
50.599915048,14.955939017
50.599391024,14.956791247
50.599112989,14.951264657
50.599065680,14.947756142
50.598478903,14.947644205
50.597237844,14.954396230
50.594467644,14.957514199
50.594638243,14.960183871
50.595170744,14.962758152
50.592660419,14.968314552
50.593136928,14.968574769
50.596150020,14.966305391
50.598293473,14.966419290
50.599010233,14.969436133
50.598667068,14.971551242
50.598809866,14.974264200
50.599534898,14.974661943
50.600985575,14.974001911
50.602634456,14.973256131
50.605626148,14.975109051
50.606372473,14.978881094
50.604562046,14.981542860
50.604420328,14.978503522
50.603662028,14.977446225
50.603449433,14.979632000
50.602949107,14.980235582
50.603444901,14.983270902
50.600006522,14.989247072
50.600658627,14.991061065
50.599879972,14.992158509
50.601438647,14.994116669
50.600428715,14.997649774
50.601265635,14.999035941
50.600906285,15.000403873
50.601651360,15.002218312
50.604786856,15.006807656
50.603289182,15.006816416
50.603333160,15.008107894
50.602007014,15.008130111
50.602026514,15.006849955
50.601499735,15.006258959
50.598862998,15.005708586
50.597991105,15.006303087
50.598591952,15.008026499
50.594506874,15.012844533
50.588893931,15.017538976
50.586449670,15.018094436
50.585878831,15.019856210
50.585560361,15.025079552
50.584776099,15.027103790
50.583424364,15.029202401
50.581698053,15.029483254
50.578885245,15.032124344
50.578921167,15.033507868
50.580758101,15.033646041
50.581148881,15.035429335
50.580723124,15.037616461
50.576049169,15.037754839
50.572416934,15.040386217
50.571841499,15.040399024
50.571855110,15.042030243
50.566426402,15.040552206
50.570302917,15.045938760
50.568288009,15.051012412
50.571174365,15.058719651
50.571335396,15.063817909
50.569109139,15.066378884
50.565214988,15.068010307
50.563571981,15.072168984
50.563086635,15.076696816
50.560139050,15.075634557
50.559679309,15.081925451
50.554750022,15.095425993
50.551574978,15.090385561
50.550414558,15.092020802
50.552285415,15.095611226
50.549336257,15.094726211
50.546874771,15.094861045
50.535012091,15.098356419
50.534840289,15.100798601
50.532044416,15.103404999
50.533444966,15.116216907
50.530763219,15.115895777
50.530876176,15.118055707
50.529428902,15.118423377
50.529739502,15.120118390
50.531890143,15.123926405
50.529978533,15.132045306
50.528487381,15.135654518
50.527989697,15.138555262
50.525292272,15.137039006
50.525502938,15.139624056
50.522889935,15.141701806
50.523152678,15.146485476
50.521012882,15.144136481
50.521102764,15.141902259
50.519549872,15.139639157
50.517718892,15.140414200
50.517125894,15.138142197
50.513558714,15.140632670
50.514215753,15.137463512
50.513217246,15.134442964
50.513480114,15.131665497
50.511297612,15.130686334
50.510016685,15.126761981
50.510532750,15.120983169
50.505900026,15.114088607
50.502017403,15.115487032
50.499733774,15.115712824
50.496893940,15.119113807
50.496900231,15.122075113
50.489885412,15.133731986
50.484758758,15.135657505
50.483581100,15.132998632
50.481688111,15.132902295
50.479889274,15.129629621
50.478967192,15.134210472
50.476014354,15.142674644
50.471662202,15.141873211
50.472362886,15.136908747
50.471133848,15.134620120
50.471244489,15.136419933
50.470439448,15.136439223
50.467737551,15.137314238
50.466322786,15.135415187
50.465764727,15.138905015
50.464720445,15.137769525
50.459916990,15.137103134
50.459867646,15.134056274
50.456297430,15.136395655
50.451400308,15.130033311
50.447065087,15.133879960
50.448583910,15.138495429
50.445874198,15.140829152
50.447463404,15.144199995
50.446644245,15.147934969
50.442420365,15.150373513
50.440006403,15.152334891
50.437379401,15.154684887
50.437371069,15.153693219
50.436739084,15.154389973
50.435364029,15.154087228
50.435363087,15.151185579
50.431864280,15.149845998
50.430500361,15.153125203
50.429550813,15.155040237
50.428100485,15.153592003
50.427235930,15.159702975
50.426787924,15.161394797
50.425621741,15.161687606
50.420134477,15.161648324
50.413463794,15.159930529
50.408724181,15.157126867
50.406932837,15.155190649
50.406907251,15.152877090
50.406120251,15.153228573
50.404431722,15.151194802
50.406804703,15.147955314
50.404426152,15.144686892
50.404334891,15.136802048
50.398406711,15.137347104
50.397926381,15.138678199
50.396020995,15.140538115
50.395245711,15.137816350
50.393918465,15.137102118
50.391707218,15.139766006
50.388630120,15.144257093
50.387798141,15.143170203
50.387327171,15.137739947
50.385554249,15.136674110
50.385696535,15.133980628
50.387286891,15.133921870
50.387683752,15.131681999
50.386097944,15.130466928
50.387691149,15.125237337
50.386338599,15.124104752
50.388299569,15.118056882
50.384125067,15.114564181
50.381451517,15.111029065
50.378257638,15.109439915
50.377688444,15.106920544
50.375371572,15.104974411
50.373728957,15.106717001
50.374457829,15.108088725
50.371745472,15.112813485
50.366050767,15.118088367
50.365295302,15.123248792
50.363177811,15.132035368
50.362391572,15.129295085
50.359848796,15.124475113
50.358897706,15.123597209
50.358479248,15.121255421
50.355407835,15.122486610
50.349407517,15.127020688
50.348243310,15.127669843
50.346117135,15.129673234
50.345398606,15.136839350
50.341086951,15.142853172
50.339746332,15.147366476
50.338894404,15.154505485
50.339081343,15.156001668
50.340046301,15.158289164
50.342576232,15.160192364
50.345066825,15.163046668
50.346664511,15.166199906
50.346532298,15.167344777
50.344596168,15.170509521
50.342795770,15.170547942
50.341897877,15.172094940
50.340332770,15.177702148
50.340065327,15.179635027
50.340935750,15.180307320
50.340233906,15.184197335
50.338454741,15.188792943
50.337471993,15.189451505
50.335855585,15.189019605
50.335577785,15.188408819
50.335117890,15.185097685
50.334791952,15.181874651
50.334383502,15.180784655
50.332718693,15.179942918
50.329983457,15.180923232
50.327891212,15.183383930
50.327140026,15.186289646
50.327362876,15.187271155
50.330880317,15.190620106
50.331293879,15.192785377
50.329652771,15.195226438
50.328767128,15.194365947
50.325698607,15.199982293
50.323949833,15.201434843
50.323511255,15.204735176
50.321079861,15.207378768
50.320936168,15.211522030
50.318815571,15.214311603
50.318209798,15.217007583
50.316081929,15.216806211
50.315594331,15.217832615
50.314190848,15.216061212
50.315256305,15.213892863
50.312697800,15.207053199
50.310886990,15.204175593
50.307959962,15.204846472
50.305836173,15.209489942
50.304379502,15.210140756
50.302322027,15.210184765
50.301519668,15.209753318
50.298289184,15.205840339
50.297221878,15.206196647
50.295033581,15.213502940
50.289902547,15.227655566
50.287920552,15.227576358
50.286585350,15.230219341
50.289900504,15.231093227
50.289682955,15.233215527
50.287241905,15.233062711
50.285503113,15.237770953
50.287309978,15.238149653
50.287775512,15.241322213
50.289543133,15.240881343
50.289841173,15.253179266
50.290143530,15.255012197
50.293808234,15.258195375
50.294592604,15.260412578
50.294684229,15.265108332
50.291238855,15.269570407
50.290243781,15.274191948
50.288514461,15.274209634
50.290968036,15.277888231
50.289881045,15.279801179
50.288197881,15.282637719
50.290086267,15.285491384
50.287339163,15.294915607
50.283673188,15.303401569
50.282707144,15.301981707
50.280558152,15.306465655
50.280388660,15.307567668
50.281993201,15.310467229
50.284508323,15.313229512
50.285203852,15.314769819
50.285098883,15.316169178
50.285810830,15.317137646
50.289948861,15.317512017
50.291415364,15.319001294
50.290357212,15.326697125
50.290396336,15.328990511
50.291603330,15.329579020
50.294317992,15.334956052
50.294293786,15.337887713
50.293720038,15.343206860
50.295652130,15.344026157
50.296434633,15.349497078
50.299327453,15.351113676
50.297127318,15.352151150
50.297440384,15.354138166
50.295996477,15.355200072
50.291010183,15.355409408
50.289277739,15.356523367
50.290535236,15.359897164
50.288387430,15.360909693
50.288550989,15.362801926
50.289047810,15.367242278
50.286787289,15.371039485
50.285809775,15.371051585
50.285357558,15.372954668
50.285191970,15.378516234
50.284068461,15.379364637
50.282617888,15.379637544
50.281309971,15.378198437
50.279128179,15.375646194
50.277297554,15.378702593
50.275593346,15.379031138
50.274015008,15.379461005
50.273564657,15.375977638
50.270999638,15.375332658
50.270249558,15.375761491
50.269485098,15.377419835
50.266943575,15.379119059
50.264972392,15.379791209
50.262074888,15.377986364
50.260853250,15.377902320
50.260303256,15.380204054
50.258396858,15.383157724
50.255954343,15.385364400
50.255155265,15.385398586
50.253374161,15.384046025
50.251596959,15.381228884
50.250920807,15.376858820
50.250338549,15.373530984
50.248588643,15.370750650
50.247212711,15.369337707
50.246494097,15.372587265
50.238738000,15.375417221
50.234380412,15.375755874
50.227089502,15.372048721
50.227094736,15.373246760
50.224947257,15.378568866
50.219885499,15.380870874
50.222031580,15.382556824
50.220669410,15.385351766
50.218460145,15.392288552
50.216843721,15.393086025
50.211752135,15.390636453
50.210912706,15.391147236
50.211907235,15.393373674
50.212407483,15.395003921
50.211072233,15.396095708
50.210657032,15.395320643
50.209461066,15.396114332
50.209604588,15.397231442
50.208821714,15.398433474
50.206523341,15.394042454
50.205213544,15.393296915
50.205623364,15.395816456
50.208022645,15.401442118
50.208114397,15.403535446
50.207306831,15.403974162
50.206582593,15.400796154
50.205830491,15.398869038
50.204318618,15.398769520
50.201679282,15.395441515
50.200065153,15.397579345
50.198436054,15.396692437
50.197818188,15.398258837
50.194130675,15.395730168
50.191919565,15.393485518
50.193092320,15.390813905
50.190227930,15.388188328
50.187625966,15.391881736
50.186715428,15.392418263
50.186444164,15.389703701
50.184605556,15.389595904
50.183394764,15.389071479
50.183858017,15.386932879
50.180882093,15.382681751
50.178758796,15.380496110
50.175072460,15.379529568
50.173429971,15.378440404
50.173128584,15.376825765
50.174690076,15.371659750
50.171273287,15.371085630
50.170190583,15.370685471
50.171591761,15.369162645
50.172239121,15.367982525
50.170893931,15.366233606
50.167975779,15.366646805
50.166309921,15.366466830
50.165570779,15.362897889
50.166602239,15.361298144
50.167312559,15.357389539
50.165835291,15.357610506
50.165843507,15.356244895
50.163375443,15.355974478
50.163249555,15.359374250
50.162449938,15.363187580
50.159747826,15.372288558
50.158502399,15.375092712
50.156668315,15.375496558
50.152335054,15.368203393
50.148891553,15.359750648
50.146580488,15.348571438
50.144717046,15.348948084
50.144916467,15.355266808
50.144013286,15.362979827
50.143403297,15.368140069
50.144971639,15.372898605
50.145734722,15.380502312
50.141769017,15.386987872
50.138588854,15.390837774
50.135265563,15.401625971
50.135510069,15.404232896
50.137383720,15.403870612
50.138737226,15.405503462
50.140397133,15.403372469
50.141167478,15.404623353
50.138638159,15.409482313
50.138753330,15.411492761
50.139754100,15.411885821
50.139437286,15.413138191
50.136726094,15.411860464
50.129024539,15.426618434
50.126775233,15.437961134
50.128854550,15.440069158
50.127144431,15.442942124
50.127443060,15.440091525
50.126235233,15.439485625
50.126114406,15.441154842
50.124295987,15.446766673
50.119351729,15.441783219
50.115432329,15.435566418
50.114462853,15.435792595
50.114410480,15.436955139
50.112227378,15.437299463
50.110596959,15.437189375
50.111694375,15.434474627
50.111029978,15.432389408
50.109301824,15.432478464
50.104835867,15.434696821
50.102948824,15.435687029
50.101906274,15.435019743
50.100489428,15.431863240
50.099878741,15.426691726
50.099943459,15.425147298
50.100318418,15.423265234
50.101377332,15.420862224
50.102775775,15.420020516
50.105796590,15.419135046
50.107146141,15.416329326
50.107582482,15.413700795
50.107325878,15.412186619
50.104548914,15.406800817
50.102573237,15.404534801
50.096795444,15.400251953
50.095797790,15.400012392
50.094957275,15.401196229
50.092992371,15.408211650
50.092986217,15.409155000
50.092115878,15.408127404
50.091401121,15.410860851
50.091816860,15.412159326
50.094069028,15.415565107
50.091716574,15.419802965
50.088368468,15.422918491
50.087821616,15.427079303
50.086668809,15.419785017
50.089332713,15.415590311
50.087525095,15.414397127
50.087385978,15.412201926
50.086532057,15.411606340
50.087037556,15.410335801
50.085951203,15.409552781
50.086345980,15.408408577
50.087073077,15.406132681
50.085780088,15.405031997
50.084629553,15.404862601
50.081227429,15.406065043
50.078857107,15.407851406
50.075216645,15.412746545
50.072592776,15.413767964
50.066894998,15.413850409
50.063986843,15.413030862
50.062471343,15.412093084
50.063338582,15.410021522
50.062477551,15.409110970
50.062804298,15.403228154
50.060946173,15.395974276
50.061003341,15.393407363
50.058905320,15.394022551
50.059414864,15.388847666
50.060515020,15.388104326
50.059914508,15.381066605
50.057346167,15.378529413
50.056879114,15.376096469
50.055103645,15.376440239
50.055068969,15.378379154
50.052519706,15.382065541
50.051945973,15.392992051
50.052154928,15.395487371
50.052388604,15.396821242
50.049517598,15.395477671
50.050907054,15.403212879
50.049603742,15.403909090
50.048469558,15.401963987
50.045539626,15.402146895
50.046613313,15.398243481
50.045474434,15.395788792
50.047974396,15.391143823
50.047046577,15.389741657
50.044418964,15.392905860
50.044847984,15.389667163
50.046690446,15.387107623
50.047481065,15.379681710
50.042796762,15.371217952
50.041077805,15.363019409
50.036351733,15.370844042
50.034814341,15.371331666
50.034713584,15.374589407
50.029299424,15.375430561
50.028103189,15.378248623
50.028807350,15.380022437
50.027429788,15.378889455
50.028068651,15.380414275
50.028551799,15.381128156
50.026739797,15.383274639
50.025697720,15.382144252
50.024239885,15.384376021
50.020661179,15.392662390
50.020557256,15.396226188
50.019580107,15.396808574
50.019673728,15.400238516
50.018158408,15.401228379
50.019493871,15.405459252
50.022037381,15.409051028
50.021706926,15.413413598
50.020654124,15.419848713
50.018887098,15.419051411
50.019913840,15.417162062
50.020479937,15.414724371
50.019331172,15.415314116
50.016740078,15.420413957
50.017592589,15.425412965
50.016110358,15.432604612
50.011935069,15.426382061
50.012477947,15.421384952
50.011176122,15.421080218
50.010142350,15.424128922
50.009134400,15.423986888
50.008468235,15.430390626
50.009559494,15.432937614
50.007868898,15.432528801
50.007675420,15.433623140
50.010080851,15.436063789
50.007666804,15.439304096
50.007283226,15.443694824
50.005531005,15.446602261
50.007132894,15.449422511
50.010474912,15.456005615
50.010141227,15.459437875
50.008136867,15.459068618
50.006372571,15.461487211
50.003182058,15.456916212
49.998298636,15.458276820
49.998659421,15.464401473
49.999910237,15.464409240
50.007145094,15.467438436
50.005045814,15.470317159
50.002428416,15.469984745
50.002637733,15.473870340
49.998152354,15.472262118
49.994695345,15.474244660
49.993669693,15.472852929
49.990804294,15.467125575
49.988692462,15.461081647
49.987076312,15.461446729
49.985329068,15.463896767
49.978563078,15.476055053
49.973524855,15.487690579
49.967210889,15.504374609
49.969516672,15.505006770
49.968962103,15.506581549
49.969730053,15.509641688
49.968125948,15.512128655
49.966899961,15.514167866
49.967871994,15.516147031
49.965984662,15.520455338
49.963729175,15.518667983
49.962867865,15.518502308
49.963225479,15.522218805
49.962599293,15.523120074
49.964174028,15.525945841
49.964188300,15.527060262
49.961055681,15.531593080
49.959744814,15.532726774
49.957084105,15.530219317
49.955932714,15.529424077
49.953691653,15.532471134
49.949885369,15.529586118
49.946969942,15.525826132
49.945132152,15.522292634
49.943493123,15.519440283
49.943358939,15.517746254
49.940803290,15.516246196
49.938156371,15.518146309
49.933120135,15.524685288
49.929957271,15.529824607
49.928782946,15.533987969
49.927063929,15.533556526
49.926369249,15.534622909
49.925060434,15.533717267
49.922984074,15.531108000
49.922486186,15.529395357
49.922858563,15.527118977
49.922262910,15.526468880
49.918930669,15.528030729
49.918051185,15.527954828
49.917809373,15.526273712
49.915589542,15.526611145
49.914298542,15.523921550
49.912480648,15.523958268
49.911698385,15.521173638
49.911003212,15.522575238
49.909279765,15.522089083
49.907135002,15.518116037
49.906966433,15.516903914
49.905645844,15.516242618
49.903907126,15.516022533
49.903110498,15.515001429
49.902478963,15.515826142
49.901054663,15.519463692
49.898528868,15.514914524
49.897757413,15.512089565
49.897688537,15.502695335
49.897078806,15.499159317
49.896604320,15.498603081
49.893966618,15.499325599
49.894076825,15.501054725
49.890985577,15.499318253
49.888596594,15.503912284
49.885971450,15.504735676
49.884379843,15.503744404
49.882825966,15.504596654
49.880586986,15.502640720
49.878558740,15.502425243
49.876093713,15.504807730
49.874422128,15.504767108
49.871581251,15.503654619
49.871625663,15.502716618
49.874309175,15.499223353
49.871987442,15.498962981
49.869919425,15.495855267
49.868647898,15.496953722
49.867108869,15.500726741
49.866460066,15.501398225
49.863717137,15.502239171
49.861896069,15.501590957
49.861156360,15.497528924
49.859918172,15.495857321
49.861329320,15.494578299
49.860201421,15.493154821
49.856146498,15.494225292
49.850838532,15.492869176
49.850332321,15.488103752
49.852574538,15.487250704
49.852960626,15.485045962
49.852221216,15.484065922
49.852846949,15.482027059
49.852154730,15.482208040
49.852225276,15.480251173
49.850852631,15.475306223
49.844049231,15.475197166
49.843788934,15.473183221
49.843118332,15.473180854
49.843661416,15.469654750
49.841595662,15.463524965
49.839335105,15.464487513
49.838975475,15.462707080
49.841919545,15.459980440
49.846935903,15.448837646
49.836123738,15.431820826
49.831598015,15.431649913
49.831835155,15.429296130
49.831412998,15.423806455
49.829034757,15.421154417
49.828614717,15.418743250
49.824522676,15.414609542
49.823839937,15.415585064
49.818891736,15.414555714
49.818843244,15.420044614
49.815513250,15.419533543
49.816891410,15.424286492
49.816160025,15.428609245
49.814560219,15.428205817
49.810187301,15.431296227
49.807036364,15.432225781
49.805844807,15.434766627
49.804743997,15.434823336
49.803708609,15.438295818
49.802965863,15.434907489
49.799311122,15.435994664
49.795521291,15.430313629
49.794991995,15.427443525
49.791182702,15.422993313
49.791306965,15.420930355
49.793069868,15.418851386
49.792750495,15.413974790
49.795024406,15.412956388
49.794281992,15.412061647
49.794251650,15.410331885
49.793261351,15.407256531
49.795458100,15.402126247
49.795078502,15.399661472
49.796554499,15.394698520
49.795280600,15.395981966
49.793246135,15.395359563
49.792536415,15.392173176
49.795294665,15.388958182
49.800008567,15.388647855
49.798958288,15.384273739
49.799974814,15.382384249
49.798586339,15.382245534
49.793595981,15.378006012
49.790345998,15.373552466
49.783575777,15.368598057
49.782598521,15.371082827
49.779660814,15.367919484
49.775585989,15.367505496
49.774841148,15.366249809
49.777269736,15.364681924
49.779328355,15.360667778
49.778654807,15.357717730
49.770738455,15.348244711
49.775085591,15.336136955
49.774573149,15.333282159
49.772930386,15.329676401
49.765838329,15.315103294
49.767138332,15.312478522
49.765496449,15.310006971
49.765642636,15.307236433
49.765900721,15.300497290
49.767440533,15.300376171
49.768520782,15.298617635
49.764633903,15.297849825
49.764579855,15.296518600
49.765765276,15.296496939
49.765123077,15.295065814
49.764945345,15.285657768
49.759227723,15.285224452
49.760139869,15.284185408
49.760042882,15.281441272
49.761340091,15.280567889
49.760328442,15.278277181
49.757328206,15.279492975
49.755174693,15.276315267
49.754125406,15.270014785
49.755042079,15.270363734
49.755693377,15.268906624
49.752239738,15.267900344
49.751062932,15.264923472
49.755409086,15.262434752
49.754922750,15.260477328
49.753521668,15.260965731
49.752962905,15.258566485
49.754545546,15.257527844
49.753926285,15.257048424
49.753458326,15.250334175
49.754994188,15.249831757
49.756863335,15.252847038
49.760536892,15.254212417
49.760980275,15.255754481
49.763499835,15.254314609
49.762776175,15.252005848
49.763276859,15.250371923
49.762535807,15.250176501
49.761542635,15.245795174
49.760265042,15.245024595
49.760367812,15.241853800
49.757058693,15.238413402
49.757305454,15.237111695
49.756424692,15.228914952
49.757602245,15.227691409
49.755818660,15.226941944
49.756306812,15.225490849
49.754476753,15.225500413
49.752914640,15.222922742
49.751801767,15.223388037
49.751542327,15.221663606
49.749912682,15.220582181
49.748348960,15.220303424
49.747167082,15.225005073
49.746479262,15.223361788
49.743369039,15.225883391
49.741917847,15.224877609
49.741389623,15.219660663
49.739969343,15.219693769
49.739755837,15.218198532
49.740825933,15.217984954
49.739135955,15.214185740
49.730214035,15.217565019
49.725883674,15.216488261
49.724591211,15.212014054
49.722335165,15.203544277
49.720661052,15.198184978
49.718102720,15.200247929
49.715605409,15.197330559
49.711178559,15.192449051
49.710981254,15.189946558
49.712885705,15.189848389
49.711225247,15.188728743
49.712545958,15.188476652
49.712372609,15.187034541
49.711711698,15.187043999
49.711550930,15.184436459
49.709847157,15.185099294
49.710425786,15.183104321
49.709493682,15.181695210
49.707233055,15.184506658
49.704652599,15.182894203
49.703978922,15.180663055
49.701270049,15.179582021
49.699447143,15.180667956
49.696989644,15.178679664
49.695915790,15.177311422
49.694755207,15.178557864
49.692597059,15.180040742
49.687960054,15.178442850
49.682863235,15.178959791
49.680752496,15.181498765
49.679241305,15.181219129
49.675986220,15.179214114
49.674977157,15.180878218
49.673921045,15.183401720
49.673797162,15.181133957
49.671039859,15.182232852
49.668691786,15.184290312
49.667164217,15.186976530
49.666983317,15.188362952
49.667680681,15.191805125
49.668341677,15.192543302
49.671941309,15.194400795
49.672749694,15.196115120
49.668626309,15.201950227
49.667093794,15.203501375
49.663883745,15.206039899
49.662446464,15.208240924
49.662105957,15.209484179
49.663020844,15.213145902
49.664918108,15.216795062
49.665500381,15.219570608
49.664374115,15.226152505
49.665253849,15.234318614
49.661089814,15.233610114
49.656659389,15.236719049
49.654298119,15.236771686
49.651563993,15.239741740
49.647170547,15.245776581
49.644381344,15.248457694
49.641579404,15.249874192
49.639196076,15.248332508
49.636104172,15.244122508
49.635151803,15.244373714
49.633437016,15.247846648
49.631779097,15.249509330
49.628708761,15.247879807
49.625707617,15.245106890
49.624369760,15.244818979
49.625289771,15.242778688
49.625431540,15.239871347
49.622693614,15.240965377
49.623584132,15.237354264
49.621539830,15.236742399
49.621915760,15.235251711
49.620283034,15.233362772
49.619325379,15.229984976
49.615056959,15.229551729
49.614485883,15.225366621
49.612506002,15.221466185
49.613626553,15.217464512
49.611597351,15.210990696
49.613659514,15.207419989
49.611182432,15.203214278
49.614714189,15.200978257
49.619736361,15.190338884
49.616535661,15.188133370
49.617668189,15.187688407
49.617716897,15.183014937
49.613881959,15.182678026
49.610588480,15.184394461
49.609290314,15.180097134
49.611761049,15.174464138
49.613237822,15.174455001
49.612191500,15.172327694
49.613504208,15.170884473
49.610908564,15.168985821
49.608376498,15.173437041
49.607233547,15.172442016
49.603944909,15.172573530
49.602812136,15.166449529
49.600933242,15.166638212
49.600125759,15.164770150
49.597741002,15.164433349
49.594835650,15.162409538
49.593355377,15.165000921
49.592061970,15.165363419
49.591787008,15.163140231
49.590233019,15.164295713
49.591736728,15.151608167
49.595790679,15.152832459
49.601134204,15.147860636
49.603935828,15.139463930
49.602203129,15.140103316
49.601496356,15.137380269
49.602555676,15.137255495
49.602348075,15.136393907
49.600612696,15.136782856
49.600873873,15.133491403
49.601476130,15.131249961
49.599868447,15.125329164
49.601654447,15.124894962
49.603457251,15.123029067
49.603435899,15.120703833
49.605178543,15.120293318
49.605763198,15.116537227
49.605278502,15.113983827
49.608762946,15.114240787
49.608746131,15.115888861
49.610107105,15.119059250
49.611013700,15.116665042
49.609432323,15.114549560
49.609633787,15.112941751
49.607732992,15.111345650
49.608082101,15.108790796
49.607614545,15.106879833
49.608365640,15.106319990
49.607728298,15.103786895
49.601468720,15.104062004
49.602316125,15.100744995
49.604693581,15.098055912
49.603764717,15.097028657
49.600701872,15.087602057
49.601203996,15.084064304
49.598586983,15.084100951
49.597328743,15.080871310
49.599992653,15.074783972
49.598643499,15.074804319
49.596701723,15.071102161
49.597546705,15.069824445
49.597018993,15.068069730
49.597618397,15.065592246
49.594203412,15.055676086
49.595078481,15.051948472
49.596672783,15.051499423
49.600615449,15.045757411
49.599350688,15.039008850
49.602154308,15.037089832
49.600412506,15.028555645
49.599539294,15.028306770
49.599358377,15.026910133
49.597577978,15.025361862
49.598691435,15.025017409
49.597524895,15.020851423
49.600124970,15.018455771
49.600872573,15.016027290
49.599707755,15.015115524
49.601252724,15.009990376
49.603196615,15.010139805
49.603457245,15.008175081
49.606205823,15.003025278
49.608006805,15.003307619
49.606656165,14.993313655
49.604158901,14.985536201
49.605018142,14.981646042
49.603843612,14.976117303
49.601749410,14.975478901
49.600096388,14.973087851
49.595811090,14.969058946
49.595522533,14.971757490
49.593231188,14.973827370
49.591809711,14.982004148
49.587094348,14.985864822
49.586122541,14.984450965
49.582795760,14.986180048
49.579774040,14.986368349
49.579290015,14.981713964
49.577969315,14.968995236
49.579128479,14.960303791
49.575619820,14.956780161
49.576090450,14.954522972
49.578875293,14.948652655
49.579949763,14.942634381
49.579787119,14.941124239
49.578486210,14.938160971
49.576894024,14.936741865
49.575675360,14.936854303
49.573435093,14.938404331
49.569632482,14.938155580
49.569247457,14.934583899
49.566757540,14.934416172
49.566425410,14.937551658
49.563193126,14.941855079
49.560947387,14.944056420
49.558765813,14.945275168
49.558154486,14.944912288
49.558664138,14.942370504
49.558409550,14.937115679
49.557853948,14.934541208
49.556239651,14.931400511
49.555431219,14.930790104
49.550393424,14.931266838
49.549344318,14.925116284
49.547755913,14.925274080
49.546357468,14.924970928
49.545158862,14.922395176
49.546157456,14.916140041
49.546352892,14.913413639
49.544365267,14.912042698
49.543244051,14.911198880
49.543168957,14.907232465
49.544048803,14.903349603
49.544634106,14.902399361
49.547077045,14.901801301
49.551866453,14.895995635
49.552932411,14.893898394
49.553334820,14.891175628
49.554122690,14.892968329
49.556647045,14.895449512
49.558276442,14.893588542
49.560165735,14.887898219
49.560895121,14.886994407
49.562355855,14.886789194
49.563234929,14.887312705
49.563237073,14.888931040
49.564183416,14.889817869
49.564175501,14.886538645
49.566216177,14.884203862
49.568745139,14.883437566
49.573941995,14.883113234
49.575331515,14.881983695
49.573203055,14.879150273
49.573502520,14.877135926
49.571791626,14.874732984
49.574663679,14.877457726
49.577375424,14.875972439
49.576852531,14.873993041
49.577982128,14.872884585
49.578927294,14.875347720
49.580947332,14.874576703
49.584045800,14.874538893
49.583317589,14.870582334
49.584910562,14.870862738
49.584550619,14.876519450
49.586414793,14.877851445
49.587547269,14.876457704
49.587779553,14.873338910
49.587890282,14.868587355
49.591378788,14.868231669
49.591646739,14.866592560
49.590194173,14.865621161
49.587407267,14.866121020
49.586461502,14.861533113
49.588230998,14.858365165
49.586804404,14.854520605
49.585645138,14.853798507
49.578550672,14.847847483
49.576769231,14.850766604
49.575064412,14.850452374
49.575920612,14.845733383
49.579100922,14.844215353
49.584508317,14.838736903
49.584265910,14.837497107
49.586728659,14.830049693
49.592127531,14.821415704
49.593277332,14.821391209
49.597522251,14.818542301
49.599075034,14.815819229
49.601768968,14.814870528
49.602355567,14.811671091
49.601473816,14.807114020
49.602497670,14.800566613
49.602914309,14.794345062
49.604672620,14.789802139
49.604859791,14.787026942
49.604717357,14.782642900
49.605266150,14.780799948
49.608969796,14.778308442
49.614573348,14.770633108
49.618038377,14.766616820
49.620553598,14.767171735
49.621251414,14.766323872
49.618958621,14.764983508
49.615940841,14.763336495
49.609686296,14.763283154
49.610387912,14.758386397
49.609437036,14.755991612
49.609982315,14.752751634
49.607813141,14.751794461
49.607650996,14.752961136
49.606437745,14.747221398
49.604850544,14.746910166
49.604818379,14.745071481
49.605678008,14.744313208
49.604998344,14.742749615
49.603822735,14.743420542
49.603012708,14.741504095
49.601492145,14.741543693
49.600716482,14.745157112
49.599517128,14.743772771
49.598381248,14.745426358
49.594695149,14.744237743
49.596050936,14.736641421
49.597123539,14.732480153
49.596688768,14.731023017
49.597640305,14.728501168
49.595698062,14.727967608
49.593638606,14.730893981
49.592922885,14.726198390
49.592172526,14.724869021
49.592152289,14.727249728
49.590779325,14.728991232
49.589333229,14.726647892
49.589525175,14.728546739
49.588130622,14.729202743
49.588738097,14.730767899
49.588098212,14.732699242
49.585245118,14.730344657
49.584335408,14.730628993
49.583842147,14.729230297
49.581513824,14.731775754
49.580461753,14.729686774
49.581131449,14.728204397
49.580053024,14.727276101
49.579273640,14.725507975
49.579877400,14.722535116
49.572965833,14.722234117
49.572336775,14.720109024
49.569963846,14.719004724
49.569977172,14.720829293
49.567024079,14.721609965
49.567659332,14.725373868
49.566631865,14.728900108
49.563978213,14.726441682
49.563081872,14.727402431
49.560855944,14.724228909
49.559752413,14.724474895
49.560037614,14.725565513
49.557978426,14.728178823
49.559626878,14.730448520
49.558027127,14.732712187
49.556800338,14.729865165
49.555993505,14.732171132
49.552859724,14.737038544
49.550642989,14.735745721
49.550789022,14.733560198
49.549705640,14.732470251
49.549477733,14.733711863
49.549304242,14.734953462
49.549352012,14.737177278
49.546673093,14.730349505
49.547633663,14.727934335
49.546526895,14.722711361
49.545249475,14.722730882
49.542151844,14.712663926
49.540935088,14.710669350
49.540912090,14.708319465
49.543206219,14.706951633
49.542687832,14.701725546
49.544058298,14.694440672
49.539349680,14.690899616
49.537831032,14.684407819
49.538557059,14.684202527
49.538538737,14.682848466
49.534386159,14.683293945
49.531808118,14.677559328
49.527991974,14.671883993
49.528565695,14.671804734
49.528683037,14.667332817
49.526292173,14.665721355
49.526405210,14.659750752
49.525050871,14.657233031
49.520966014,14.654928086
49.520696612,14.650813923
49.519592264,14.649910431
49.517183589,14.654835320
49.513436488,14.656493788
49.511196594,14.652982250
49.508828336,14.653497725
49.504427798,14.650283793
49.504409056,14.644891817
49.503881273,14.641044207
49.505479376,14.639092116
49.509513107,14.639255693
49.516181919,14.636359001
49.518368597,14.633773004
49.519573242,14.623616093
49.523091418,14.610575806
49.522495113,14.603897696
49.519294360,14.594953580
49.519268332,14.583637446
49.522504708,14.581029627
49.522996790,14.574159873
49.524948762,14.575611634
49.527040976,14.578036614
49.527772720,14.583454854
49.531059554,14.584301841
49.534602897,14.589812183
49.543255374,14.590488068
49.544905280,14.587070119
49.543472774,14.585332174
49.541467123,14.585534677
49.538628627,14.583287675
49.536252946,14.577953896
49.538590985,14.573391492
49.537774747,14.571853429
49.536997125,14.573839161
49.534664132,14.573314167
49.534798251,14.568869245
49.539770009,14.569064539
49.537070899,14.564289423
49.533914523,14.563997856
49.531270200,14.561078928
49.531894269,14.554482501
49.533916321,14.554464950
49.534040342,14.552480118
49.534213021,14.550327559
49.532123253,14.547937637
49.532920530,14.546178941
49.534775283,14.538322238
49.537155886,14.535076331
49.535238757,14.530029350
49.533320428,14.528043505
49.535490064,14.524877536
49.534288064,14.521760306
49.536799894,14.521124321
49.534793407,14.516670103
49.534797736,14.515433274
49.536265776,14.515307041
49.537120833,14.513079466
49.536519523,14.511621359
49.538634686,14.510017788
49.540179303,14.510013478
49.542517900,14.511924827
49.544022540,14.511248071
49.544676520,14.510274393
49.544916867,14.506317924
49.544010885,14.503390331
49.541424502,14.499509089
49.541151742,14.495418729
49.543364646,14.489379611
49.543872647,14.483970173
49.545018861,14.483694412
49.546347292,14.478804183
49.546309558,14.477292960
49.545016575,14.474188111
49.543772493,14.476320176
49.537914175,14.473620816
49.537139936,14.466358976
49.535946272,14.464575586
49.533472715,14.467879687
49.533902341,14.470765094
49.532123301,14.470253913
49.532288227,14.466097256
49.536099606,14.462224155
49.533621495,14.461609455
49.534684057,14.456022334
49.538107273,14.455531120
49.538486898,14.452971435
49.541976975,14.449772594
49.541876416,14.443464352
49.548611835,14.442660979
49.548298365,14.439559173
49.548130087,14.432702147
49.543735835,14.430861552
49.544218086,14.429961800
49.543331464,14.426950732
49.548611133,14.422557878
49.551156226,14.418340787
49.552436964,14.418249798
49.553491083,14.415628472
49.555721708,14.414083445
49.555194458,14.412656109
49.557769408,14.409078957
49.558091675,14.406395862
49.555980674,14.407553231
49.554141596,14.409516547
49.552816842,14.406787675
49.555421258,14.400808436
49.554087621,14.399298215
49.553672758,14.401958937
49.552126164,14.401919743
49.550595309,14.404080117
49.549096470,14.403662440
49.546138795,14.407119447
49.545105197,14.404905521
49.544527721,14.408183196
49.543318269,14.405931243
49.542011991,14.405940072
49.541843931,14.403863831
49.538905972,14.407945179
49.539532162,14.411183809
49.538483784,14.413867445
49.536495950,14.412348029
49.537538915,14.408187188
49.535356596,14.407840281
49.535038628,14.405610576
49.538389557,14.403199324
49.541023726,14.402107092
49.541615416,14.397371671
49.544562794,14.392387623
49.543463825,14.390662172
49.543348216,14.385939662
49.541902119,14.385302159
49.541885307,14.383802001
49.541167000,14.385000630
49.540337768,14.384156945
49.541519911,14.382766411
49.540807142,14.381501881
49.541698528,14.379098899
49.540247553,14.379316321
49.539547458,14.380817989
49.538934269,14.378137540
49.537861777,14.379535530
49.537648178,14.377261300
49.536130448,14.377947631
49.536042928,14.374350954
49.534796036,14.375525176
49.533649568,14.373174496
49.535929418,14.371777983
49.534087308,14.368759228
49.531172440,14.367739940
49.528646358,14.366703686
49.528774661,14.364802080
49.530431369,14.365558627
49.531306752,14.364191256
49.530941708,14.362658030
49.532174929,14.360426477
49.529957670,14.355163243
49.525095921,14.356515604
49.524584931,14.353969178
49.528628070,14.353404434
49.528630070,14.347287162
49.530306491,14.346348579
49.530651861,14.344039319
49.531944636,14.343275761
49.531897065,14.341038964
49.528849732,14.336144487
49.529201279,14.334609310
49.527599737,14.332557561
49.528050393,14.325189661
49.529718973,14.324768014
49.528945489,14.327760145
49.530835710,14.329690255
49.534568746,14.328506081
49.538123723,14.332886522
49.540835562,14.330748444
49.540339824,14.328878863
49.540839462,14.325668289
49.541405088,14.323088061
49.543108023,14.322042246
49.542495249,14.320185077
49.545835355,14.319675367
49.546521438,14.316922542
49.544698541,14.316240513
49.548218997,14.307391393
49.549917855,14.305800143
49.545773936,14.300442787
49.544917601,14.298005807
49.547945438,14.296253966
49.547785390,14.292785980
49.549190414,14.293362741
49.549581045,14.290461813
49.556060442,14.291732119
49.557819812,14.290909995
49.558451791,14.293374651
49.563041204,14.284815229
49.563024875,14.277331711
49.565878665,14.274364500
49.563433702,14.269336659
49.567913336,14.265479419
49.564775592,14.259726798
49.564193149,14.253523037
49.562897201,14.248609468
49.560291619,14.241250494
49.559703205,14.237518622
49.563722119,14.235688372
49.564060113,14.232822280
49.561392234,14.231246136
49.561660093,14.226219055
49.559189203,14.224813015
49.558923844,14.223397649
49.558310232,14.224434466
49.557478941,14.223981441
49.556588650,14.225767377
49.549311595,14.225821997
49.549276466,14.224143757
49.547951221,14.223253077
49.548212997,14.221644817
49.545685107,14.221405712
49.544639914,14.220400349
49.543723937,14.219219244
49.542781685,14.215663338
49.541198476,14.214534239
49.541049803,14.211417047
49.541689094,14.211059988
49.541161359,14.209558089
49.538992360,14.209868646
49.540476830,14.213791367
49.538775821,14.211771106
49.536776874,14.211557918
49.535442359,14.208581198
49.534361514,14.208379232
49.531698825,14.207362220
49.532045101,14.200328699
49.533922937,14.199614678
49.534870794,14.202629980
49.535955961,14.203970780
49.537608761,14.202980357
49.537798864,14.200790576
49.535801583,14.192760021
49.535790703,14.188576647
49.535445092,14.182922524
49.532918223,14.180320413
49.532042519,14.177306660
49.533853699,14.172501394
49.534907171,14.166467457
49.533722010,14.159594591
49.533858659,14.151497458
49.532865006,14.150863425
49.531263138,14.152108254
49.529904971,14.150275377
49.533960278,14.142038966
49.534176313,14.135704675
49.534400188,14.134139065
49.536998941,14.125818939
49.537126470,14.122178390
49.536692985,14.121130680
49.533967207,14.121510585
49.530435570,14.125068459
49.528607390,14.124841203
49.528726152,14.121697058
49.529211244,14.119866961
49.529227603,14.116401805
49.528053365,14.112731379
49.529212630,14.107187995
49.531650302,14.106245008
49.534169424,14.108249416
49.536277810,14.106395758
49.536109003,14.100045462
49.532769670,14.101648791
49.530792602,14.101089288
49.528525218,14.101417751
49.528090404,14.094257218
49.528822933,14.094125259
49.528895377,14.091667678
49.526851760,14.089506052
49.529355215,14.087605988
49.528744692,14.086504463
49.528573690,14.078377820
49.529764912,14.077118372
49.528626588,14.076301170
49.528716637,14.074429871
49.527972548,14.073848859
49.528010603,14.072201033
49.530731922,14.070497908
49.531818432,14.066443695
49.534414603,14.065938335
49.536402677,14.064947774
49.536378780,14.063906315
49.540505446,14.064528388
49.541794509,14.068244971
49.544640658,14.067398750
49.550929935,14.066757714
49.552046708,14.068910208
49.554622813,14.067893999
49.555144936,14.072279864
49.555542753,14.074296251
49.556461440,14.074114805
49.556433603,14.066557977
49.561025265,14.061227053
49.561506399,14.059651117
49.559749310,14.056863773
49.558466301,14.047754898
49.558307083,14.043768859
49.559662398,14.038411211
49.557799777,14.036602731
49.554426018,14.035485962
49.553561928,14.034243972
49.553946951,14.032620838
49.552835091,14.030371993
49.549145743,14.026193551
49.548881851,14.024647833
49.550663035,14.022314359
49.550688660,14.020735312
49.549263294,14.020742969
49.549334906,14.016126138
49.549750145,14.013874651
49.551549943,14.011185132
49.551442638,14.010493549
49.548623985,14.009450491
49.545642288,14.009561564
49.544110327,14.010577234
49.541355928,14.013916324
49.539877337,14.014469111
49.538003989,14.013178321
49.538789606,14.010691278
49.536955962,14.009300970
49.534856073,14.008932827
49.534902559,14.009821420
49.533477193,14.009829392
49.532516604,14.007612363
49.531801840,14.008227415
49.530074525,14.008504229
49.529781624,14.006726559
49.528872286,14.006228916
49.528277109,14.004980300
49.528176586,14.003833830
49.530532743,14.002313126
49.531291601,14.000057744
49.531151381,13.999304770
49.528301515,13.999711050
49.525670892,14.001316801
49.522573571,14.005895894
49.522251013,14.000587838
49.520709038,13.999346440
49.518863937,13.999042506
49.519333242,13.995409132
49.524271848,13.993917953
49.523883567,13.990051677
49.526888857,13.986437772
49.526884436,13.984737608
49.525946942,13.985203903
49.523620656,13.983542763
49.523813324,13.980550312
49.519443668,13.981713675
49.515898227,13.977216051
49.512252556,13.976488588
49.511262667,13.975536385
49.510720433,13.972331400
49.511214820,13.967647846
49.513238916,13.956583274
49.514184393,13.954157467
49.516007009,13.954509319
49.518876544,13.948876567
49.517090941,13.946885563
49.515513031,13.942267422
49.514160949,13.941218877
49.513963182,13.938724664
49.512952997,13.938415356
49.511161191,13.935780334
49.509455083,13.936402697
49.506284045,13.939699052
49.505152614,13.939515920
49.504038572,13.938487509
49.505017924,13.936920314
49.500877980,13.930953029
49.503258840,13.929412817
49.502788310,13.927165130
49.501653505,13.923062966
49.502287749,13.922368548
49.501967226,13.917222393
49.504282377,13.913343946
49.504012548,13.909801783
49.504262523,13.908500493
49.506902829,13.906919537
49.507200482,13.904291916
49.509296272,13.903199932
49.509785356,13.900579834
49.507258730,13.898931263
49.507334920,13.893474470
49.506406673,13.891049549
49.507770593,13.891639161
49.509810497,13.896797283
49.511659017,13.895395696
49.513686950,13.900139795
49.514001709,13.897918308
49.513525183,13.888496445
49.511273172,13.888027685
49.513611450,13.882477024
49.513549656,13.881052112
49.515314193,13.881264888
49.518874772,13.878462501
49.523046139,13.879628346
49.524258226,13.873796414
49.525892730,13.866355829
49.525552486,13.862587339
49.524521507,13.860016703
49.523385996,13.858220381
49.522880038,13.859116684
49.522276042,13.862433298
49.522466360,13.863677695
49.521334948,13.862406147
49.519076867,13.858484085
49.513527698,13.852747531
49.512075633,13.851709702
49.513092398,13.848532669
49.511528530,13.847658084
49.512594656,13.845099313
49.511711320,13.844215151
49.511281997,13.842752344
49.510706026,13.841660024
49.511535856,13.840060999
49.513855536,13.840952055
49.514225118,13.838139785
49.513163894,13.838926830
49.510785896,13.837037215
49.510295971,13.835511280
49.511041618,13.833887710
49.520236655,13.831965224
49.518405287,13.830187834
49.519117491,13.827828860
49.520836243,13.827843424
49.521121540,13.826827664
49.527002800,13.824455923
49.526789967,13.820488830
49.525276120,13.822346609
49.524902974,13.817361652
49.524062943,13.815691910
49.523560578,13.814324838
49.520471192,13.813082490
49.518414988,13.814012206
49.518623986,13.808368451
49.517142943,13.807604827
49.516014688,13.809310659
49.515612323,13.808136376
49.518481922,13.797220256
49.518045089,13.790241721
49.515724817,13.789732688
49.512018253,13.785639828
49.509780047,13.784752584
49.509944207,13.782946130
49.510705703,13.782735965
49.511002567,13.768404647
#
#
#
50.144075333,14.400301262
50.147858518,14.401000730
50.147305495,14.404081245
50.147206664,14.408983860
50.147916175,14.415412826
50.149389563,14.421374634
50.152092762,14.421338612
50.152965183,14.421474731
50.152822308,14.426332799
50.152926126,14.428939830
50.156702023,14.428123652
50.158259625,14.428289897
50.158777615,14.430558653
50.158642217,14.435114072
50.158296394,14.436208502
50.157317063,14.436834681
50.156891928,14.437913089
50.155987961,14.442408279
50.155763321,14.449385575
50.156419228,14.456569770
50.157821672,14.462565421
50.158965832,14.465011703
50.163242184,14.464132431
50.164837647,14.464293286
50.165072452,14.466961385
50.169311218,14.466660665
50.169766007,14.470079981
50.169180534,14.477118172
50.169581440,14.479434915
50.172459750,14.479453354
50.173093143,14.482380481
50.172632677,14.487849077
50.170335691,14.500280163
50.170279409,14.505427881
50.170913830,14.507338009
50.173083067,14.508689937
50.174381890,14.517615038
50.173559689,14.519003200
50.173992339,14.524051506
50.177297582,14.526775527
50.175697065,14.532962983
50.167490473,14.533126580
50.165829587,14.532499505
50.164796196,14.531784721
50.161703866,14.532843866
50.164264665,14.539823282
50.162462295,14.542042517
50.162991998,14.545926401
50.165564231,14.548991294
50.164262192,14.551434936
50.162582624,14.553295795
50.161258926,14.560382134
50.155614028,14.564010671
50.154698466,14.560897987
50.149825565,14.563390060
50.151397481,14.566017944
50.150415386,14.567346455
50.149809016,14.569342598
50.150153593,14.576736863
50.149678918,14.578788387
50.152729330,14.583605908
50.153613947,14.588561049
50.153961051,14.598714507
50.147206269,14.592501416
50.146894137,14.589746112
50.145160761,14.587654449
50.142738099,14.590886622
50.140369323,14.590565094
50.138520690,14.592573461
50.135661572,14.594543038
50.130506773,14.599641712
50.126598433,14.610737719
50.131428235,14.629292092
50.128170991,14.635154337
50.124216557,14.635795181
50.123819738,14.644731655
50.124277893,14.646357317
50.123021841,14.658272721
50.121030700,14.658746751
50.117052652,14.658378877
50.106932022,14.657580768
50.106944641,14.659406236
50.103112886,14.665876756
50.104613246,14.668123535
50.103801322,14.668806417
50.102277182,14.675952280
50.101118014,14.689863062
50.099955665,14.690270133
50.099057918,14.688800023
50.096079125,14.688866194
50.095950027,14.691473695
50.094383773,14.693826129
50.094699992,14.694864436
50.092189464,14.703951492
50.091135529,14.703826588
50.087681702,14.706383169
50.078352935,14.703179537
50.076904101,14.701734242
50.072347039,14.700010681
50.072199944,14.690513284
50.071031889,14.688539321
50.068905272,14.680397350
50.066364397,14.674579210
50.064780972,14.670035630
50.064654707,14.668259451
50.062972094,14.658032335
50.062423731,14.659348924
50.061912166,14.657210758
50.059129995,14.659551652
50.056950020,14.653754384
50.056022945,14.654153712
50.056244427,14.655664519
50.055268264,14.656230459
50.054171087,14.651705058
50.053478672,14.650858066
50.052246030,14.651500188
50.049865456,14.654286866
50.051656125,14.656528018
50.052835189,14.660337365
50.052808561,14.661774050
50.051703953,14.662218677
50.050946195,14.660590244
50.048357836,14.663808537
50.045253782,14.660331097
50.042986386,14.662096679
50.039328606,14.666658465
50.038176601,14.666716288
50.037720509,14.664191464
50.038158765,14.658433099
50.037533223,14.657497731
50.034811091,14.656842779
50.033224473,14.657084109
50.029037335,14.659057332
50.023997309,14.662797822
50.019179019,14.667753738
50.019207148,14.669127703
50.017999828,14.669914159
50.015231168,14.669597539
50.014238979,14.668431050
50.013795418,14.667079026
50.013454483,14.663212722
50.012861118,14.661420017
50.011157587,14.661862439
50.009983931,14.661194886
50.008453215,14.662061581
50.004121408,14.658029527
50.004471213,14.655775249
50.008386152,14.651039599
50.008669637,14.650003063
50.004491902,14.646821167
50.003971254,14.645620603
50.006406495,14.644723641
50.006636133,14.642401999
50.006363455,14.640985392
50.005772277,14.640131958
50.004049116,14.640796954
50.001681832,14.643805680
50.000078678,14.647867730
49.999467738,14.648089245
49.997390170,14.645857887
49.994540382,14.641174544
49.994812471,14.638693938
49.996186703,14.635973379
49.996495729,14.634645401
49.995722326,14.628770702
49.998242546,14.621441327
49.997846852,14.620020935
49.996909588,14.619989082
49.997945989,14.617926950
49.997584342,14.616377007
49.999492631,14.613595892
49.999323572,14.612174485
49.998843866,14.610311447
50.000507545,14.608369504
50.002792218,14.607828801
50.001770137,14.604947599
50.008382503,14.603779933
50.009928367,14.602882366
50.008446244,14.598337328
50.007676680,14.595366520
50.008993117,14.595376056
50.008329981,14.593285170
50.009226352,14.592431089
50.008111901,14.588599125
50.010604244,14.587817945
50.012017808,14.587297304
50.011422791,14.582973089
50.015261296,14.583767103
50.016073543,14.583344710
50.014537900,14.578567787
50.013506313,14.576801695
50.009317276,14.572887009
50.007391088,14.568599631
50.009162559,14.568623916
50.009719578,14.564096942
50.011742943,14.563058470
50.012392374,14.561171537
50.012732334,14.557616211
50.012081913,14.554900619
50.009104424,14.553745502
50.007634926,14.550952056
50.008655601,14.546028601
50.008050632,14.542644688
50.008806014,14.540702789
50.009830331,14.540690810
50.010995186,14.538055549
50.011403486,14.534932049
50.010929696,14.531669528
50.008818772,14.524295124
50.007838149,14.522014397
50.007117554,14.521511799
50.004779484,14.525421919
50.002340915,14.530762332
50.000807789,14.530930818
49.999518523,14.528835935
49.997294791,14.523163041
49.996893575,14.519731365
49.996345246,14.518757719
49.994145033,14.519639521
49.994119644,14.518007805
49.995899380,14.517297890
49.994398835,14.516331387
49.993507867,14.514350632
49.991843412,14.513687780
49.991959890,14.509026529
49.993186436,14.507908322
49.993772540,14.509619863
49.997348226,14.506527721
49.997780200,14.503540355
49.997327657,14.497726659
49.995737484,14.491766141
49.993388322,14.486693133
49.992254520,14.485061054
49.991535157,14.484468908
49.988772462,14.484224833
49.987442317,14.484930309
49.987451286,14.488223427
49.985975147,14.487949472
49.985294305,14.484206058
49.984730121,14.477639215
49.983247784,14.475136132
49.983828715,14.474006482
49.982854837,14.473858441
49.980046643,14.474237995
49.980637946,14.469320386
49.981426885,14.466950241
49.981204157,14.465954382
49.974277482,14.466102586
49.972649039,14.465284174
49.972437981,14.462793331
49.971227917,14.462348303
49.970993655,14.459362534
49.971928454,14.454054868
49.973544080,14.451697538
49.973938273,14.448958839
49.973419953,14.445475905
49.971773848,14.443740448
49.969370872,14.441259466
49.967565453,14.433688291
49.965235018,14.428492035
49.964273049,14.420822066
49.965307060,14.416010234
49.966314514,14.412740381
49.969669585,14.404942869
49.971864232,14.402165898
49.971286869,14.400164331
49.967309728,14.399839626
49.962202409,14.397592098
49.952439914,14.393284563
49.950190199,14.393851631
49.944614308,14.397140856
49.942240469,14.396168670
49.941974202,14.395653649
49.942462135,14.393248838
49.943753767,14.391350016
49.944829765,14.390692299
49.949510142,14.388720509
49.949960522,14.388077781
49.950216771,14.385025516
49.949452712,14.381048087
49.946896099,14.377723034
49.947628945,14.376067993
49.946409150,14.374400805
49.948862554,14.371378270
49.950294397,14.370131689
49.950737805,14.366353737
49.949579697,14.365887442
49.948161701,14.362965469
49.947539897,14.359716226
49.948555368,14.358077554
49.947657995,14.348546924
49.948142428,14.347569285
49.947194536,14.344685157
49.948155007,14.341013937
49.947524262,14.337719871
49.948477497,14.336496401
49.952229149,14.334911527
49.956530935,14.326185543
49.958666602,14.325098136
49.961000241,14.325541244
49.963954748,14.327685702
49.965193974,14.329302649
49.967396048,14.334385362
49.966950305,14.336400398
49.965289890,14.340570343
49.965974759,14.342341926
49.967313392,14.344316323
49.969314930,14.346070845
49.972342979,14.346760673
49.973353492,14.345575122
49.972971299,14.344650939
49.974549526,14.344434082
49.974146239,14.340815278
49.973269421,14.336923053
49.971051948,14.330810469
49.971063747,14.327698856
49.973333620,14.329224215
49.974336983,14.330697233
49.975746831,14.330728706
49.975708937,14.332029030
49.976945594,14.332559526
49.976915894,14.335067254
49.978606365,14.335597303
49.981106512,14.339089564
49.982827433,14.337930954
49.984595523,14.338923126
49.986207423,14.336850239
49.987641900,14.334925216
49.990254969,14.342015146
49.991302536,14.338503470
49.993310707,14.336801201
49.992739266,14.332545085
49.990905393,14.327472566
49.991864503,14.327133581
49.988751428,14.318324232
49.990093225,14.318102499
49.991010565,14.317095053
49.994467652,14.313634509
49.994397636,14.309917926
49.997395810,14.306200772
49.997443864,14.302183803
49.999412085,14.301760069
50.000097625,14.297767098
50.001944995,14.295997450
50.002241566,14.298693911
50.004582275,14.300599457
50.011533840,14.301485051
50.007533910,14.307899080
50.006826550,14.311349232
50.014286504,14.314060887
50.021954060,14.316760973
50.022769604,14.315934020
50.024109300,14.300803240
50.022988854,14.298534485
50.024272253,14.297459476
50.025404742,14.292478509
50.033398743,14.278893083
50.039550046,14.270974574
50.041798812,14.269834236
50.042620158,14.268670716
50.044408397,14.269980168
50.047902979,14.268862665
50.048089536,14.267706990
50.049221984,14.268790834
50.050835135,14.272797593
50.054207083,14.272032469
50.052328281,14.265072744
50.055425648,14.263072177
50.054467884,14.258079734
50.057577647,14.256318460
50.057311740,14.251853793
50.058744996,14.248212745
50.062583325,14.248694025
50.062765557,14.254043321
50.063569952,14.253902365
50.064964970,14.258607506
50.071909455,14.258397949
50.072974260,14.274883637
50.071361952,14.278865460
50.073121647,14.278747683
50.073903090,14.280474076
50.073144122,14.290021637
50.076506303,14.289349784
50.076636687,14.288273427
50.077492013,14.288295490
50.078095769,14.284502511
50.081165147,14.284513004
50.080447005,14.274594240
50.087582315,14.272974016
50.086180663,14.269398012
50.087554388,14.266298898
50.087408646,14.262355677
50.096333072,14.260944361
50.097971101,14.255537138
50.100352787,14.259305754
50.104064133,14.252322059
50.101766101,14.239102156
50.100971597,14.236632874
50.102359474,14.232389474
50.100730017,14.227409085
50.102589325,14.225274475
50.103962388,14.226102886
50.107398055,14.236515904
50.106716666,14.237014459
50.107471820,14.239148160
50.110064259,14.237086956
50.112023740,14.239991898
50.110827575,14.243746597
50.110249170,14.245792522
50.112623812,14.256241032
50.113696266,14.255143744
50.114974266,14.257644291
50.113769306,14.259994403
50.119462985,14.279520614
50.115568566,14.286505673
50.118277735,14.293031123
50.121005063,14.297939465
50.124724270,14.295577598
50.127132279,14.301180036
50.129312773,14.301098886
50.130145249,14.301880256
50.129932450,14.306603460
50.127965819,14.310597596
50.128320360,14.316187628
50.121307431,14.317451493
50.116257907,14.320370014
50.114917123,14.320501701
50.116744830,14.327852826
50.115910063,14.359007683
50.115887652,14.362528829
50.117722899,14.360610592
50.120636341,14.359486355
50.124801785,14.355296797
50.129697004,14.359202491
50.129502896,14.357021784
50.136835917,14.355989749
50.136905880,14.354634456
50.137740779,14.354632468
50.138694381,14.357289664
50.140734364,14.356855752
50.147844791,14.364749299
50.147923847,14.372684815
50.146394779,14.376417878
50.146407464,14.380751398
50.145682058,14.380963856
50.146703554,14.385927947
50.144945205,14.390866396
50.141891342,14.392865351
50.142659192,14.396509464
50.143842683,14.396857076
50.144075333,14.400301262