#Jihocesky
49.549344318,14.925116284
49.550393424,14.931266838
49.545073724,14.928215573
49.542310831,14.928890469
49.538030383,14.935180565
49.530113781,14.939769015
49.527557404,14.944795573
49.525404419,14.943896814
49.520503822,14.936598227
49.521066814,14.934794208
49.520882670,14.931563249
49.522583357,14.927996991
49.522714048,14.924418494
49.523568483,14.923057161
49.522811036,14.919700243
49.523591539,14.918536170
49.524265115,14.916436489
49.522749444,14.915038899
49.523455716,14.912578772
49.523198188,14.910940755
49.523832918,14.909450600
49.524774116,14.907406950
49.521783139,14.906257780
49.518687965,14.905163152
49.516121216,14.902715644
49.514276648,14.903630181
49.512405745,14.911040352
49.512021251,14.913550850
49.510547971,14.915310826
49.509037537,14.918231290
49.507033605,14.919511332
49.506324616,14.920982314
49.503679216,14.923461846
49.500068858,14.927389375
49.499103855,14.926387038
49.496299171,14.926890181
49.495431926,14.928846350
49.489524627,14.927844739
49.485752901,14.929770857
49.484542203,14.933018947
49.483297275,14.927557616
49.480890763,14.926666733
49.474693434,14.922262766
49.475264642,14.919495519
49.474351325,14.917930953
49.470937917,14.919803418
49.469896224,14.922264081
49.468792063,14.927184823
49.462071243,14.925470608
49.459113732,14.925244459
49.450206029,14.922664799
49.447977249,14.919712505
49.447741122,14.917157467
49.444609345,14.912977915
49.441209916,14.913312792
49.430859977,14.911691800
49.430596700,14.908503499
49.428782413,14.907648469
49.427309405,14.905693294
49.427567954,14.902564429
49.422269685,14.900420306
49.422549351,14.901887818
49.423357330,14.907096062
49.425843989,14.909876412
49.424966446,14.914679507
49.421631395,14.912263911
49.419285875,14.910179616
49.418190211,14.905848345
49.414028587,14.907027423
49.411644654,14.902374453
49.409339077,14.904259425
49.408053050,14.904598309
49.403830382,14.905593556
49.401677546,14.902583625
49.400669572,14.902462278
49.395788149,14.902570547
49.394884262,14.901728815
49.394579888,14.899337544
49.394293822,14.897160759
49.393391427,14.897425431
49.394173516,14.894802007
49.393841058,14.893461303
49.392900967,14.893921192
49.392501542,14.892963572
49.391262711,14.893747484
49.391288766,14.892251437
49.389817623,14.892758322
49.389830031,14.894279937
49.389055583,14.896462581
49.388129338,14.892318249
49.386158046,14.891644737
49.383916565,14.890040656
49.382846631,14.891525419
49.379944612,14.892903205
49.375871727,14.888765793
49.373418201,14.892202017
49.373148996,14.897953239
49.371143823,14.900484922
49.368837827,14.907026282
49.368326947,14.914944327
49.367041004,14.918891699
49.363334449,14.924739478
49.362094742,14.925747583
49.356758053,14.926187633
49.354386641,14.926388080
49.352936034,14.927242024
49.355610561,14.932544507
49.351602692,14.931274971
49.351746787,14.929138893
49.351468027,14.922584155
49.349101583,14.922377751
49.349359406,14.921468268
49.345663132,14.918648020
49.344895776,14.916461507
49.345226789,14.914393663
49.341420986,14.914430245
49.340424632,14.909144869
49.339219329,14.909684855
49.337012075,14.908796327
49.334455985,14.905210638
49.328511755,14.908553072
49.327095753,14.913200614
49.323653774,14.918125804
49.322071703,14.925107723
49.321094817,14.927017522
49.318961311,14.927308246
49.316927457,14.928977313
49.314639267,14.926184733
49.310408206,14.924004338
49.309199711,14.930660838
49.305200100,14.944037473
49.302808645,14.946087317
49.303494532,14.949024939
49.301746585,14.950539816
49.298462660,14.948506016
49.295695829,14.949745112
49.293184747,14.952757218
49.292414334,14.954601303
49.291823422,14.958062697
49.292903612,14.960735451
49.292100258,14.963038536
49.288796461,14.968791711
49.286519782,14.971810377
49.281666383,14.975302601
49.281751725,14.977051513
49.279668210,14.976223810
49.278739743,14.977993982
49.278903523,14.980558801
49.277418578,14.978985596
49.276485672,14.981678723
49.274989844,14.991160932
49.276122342,14.991896577
49.275622037,14.992518348
49.277139827,14.994130386
49.283609103,14.999470477
49.285639110,15.002419059
49.288716585,15.011763211
49.291435010,15.016236027
49.290957458,15.019482936
49.293770708,15.023794769
49.296009167,15.029460173
49.295466812,15.033446441
49.294556826,15.033943799
49.295335360,15.035001560
49.292880878,15.035033369
49.292578417,15.034029887
49.290940239,15.035673362
49.289511904,15.043447834
49.286121636,15.044315428
49.281988924,15.046590654
49.278357035,15.052005342
49.274572782,15.060237234
49.273433023,15.063170779
49.272498879,15.062092479
49.271698218,15.068618427
49.274443231,15.069345888
49.273287046,15.072087028
49.270760779,15.093346382
49.269202812,15.104044557
49.261573166,15.103875630
49.260358254,15.100961160
49.259239515,15.097789699
49.252945007,15.102397045
49.250074217,15.100924134
49.249574625,15.092502174
49.250287667,15.088369434
49.249749207,15.082834329
49.251841475,15.077427496
49.250996402,15.075575704
49.249092301,15.079340427
49.246769687,15.081904678
49.245893139,15.091309531
49.240906276,15.099388858
49.242758570,15.100824335
49.244955692,15.105932539
49.246445461,15.108234275
49.248022298,15.120324978
49.246392972,15.125544473
49.243311609,15.128368098
49.242920548,15.132248162
49.241539669,15.131456038
49.236239547,15.135498817
49.236078292,15.137903234
49.233625955,15.137847762
49.232917255,15.135339290
49.225297594,15.140046877
49.222301433,15.139884316
49.220489291,15.139029799
49.220514457,15.146260342
49.220585968,15.151015554
49.217192061,15.158671197
49.216573234,15.167865464
49.223285147,15.178447674
49.230371989,15.188104355
49.232033286,15.190854588
49.236162636,15.191457753
49.235049029,15.197572371
49.228787751,15.203811452
49.225056682,15.206033688
49.226673545,15.207927756
49.227122089,15.214852216
49.227392852,15.217566406
49.223382304,15.228327503
49.222667866,15.238513671
49.221837574,15.241729468
49.223534502,15.241862613
49.221447248,15.246209393
49.220958595,15.245343373
49.218540318,15.254124644
49.216476977,15.256902294
49.214241439,15.256612364
49.213388530,15.254081660
49.211515352,15.256309103
49.207393442,15.252501105
49.206923333,15.253172753
49.207921722,15.256803901
49.207187388,15.257240076
49.207635935,15.258827495
49.209828988,15.258165582
49.213128776,15.262666609
49.213908526,15.267275703
49.211180755,15.271778218
49.212326004,15.279941522
49.217004800,15.283372423
49.216713912,15.284900434
49.217119833,15.292793066
49.213610550,15.305317328
49.214264147,15.306431557
49.213782022,15.308612950
49.214685701,15.313099134
49.218099449,15.312952793
49.218077874,15.317431228
49.219260146,15.320569576
49.217917169,15.321983297
49.217155457,15.327164941
49.219113146,15.331252237
49.218341628,15.341514387
49.216213755,15.345074998
49.211299210,15.344710254
49.199582384,15.346822322
49.196568180,15.350183934
49.193209536,15.347572360
49.193506387,15.351637706
49.188567619,15.348322446
49.185123256,15.348535671
49.183611881,15.346791706
49.179910209,15.342872395
49.178512724,15.341872393
49.175534472,15.341347322
49.173848331,15.341889439
49.173963212,15.343400398
49.173130953,15.343860515
49.171608112,15.342516825
49.168113234,15.336815111
49.167559644,15.337259932
49.167424494,15.342128415
49.166489403,15.345193840
49.165604244,15.346563623
49.162414725,15.346348250
49.157270861,15.349344014
49.153564229,15.352800990
49.153243820,15.357737747
49.155346040,15.356186473
49.156797276,15.355538367
49.157222993,15.356148073
49.156614455,15.359349137
49.155767896,15.360893627
49.154917332,15.360786049
49.152983965,15.359232425
49.152178407,15.359555691
49.149805542,15.364911670
49.148527024,15.369746967
49.149554644,15.370898483
49.149208927,15.371878748
49.150727898,15.372168796
49.149020039,15.374031418
49.143876061,15.380416650
49.142184524,15.381392464
49.141122926,15.380489086
49.138014581,15.379712053
49.134236613,15.388149382
49.134242244,15.395209362
49.133002062,15.398000621
49.131426101,15.406341636
49.128058589,15.410940697
49.124763361,15.421992501
49.122276781,15.421389713
49.117934782,15.422928130
49.120672088,15.425275517
49.124407631,15.427419418
49.127540640,15.429843114
49.129528212,15.429881984
49.129461061,15.432242642
49.129467658,15.433817585
49.131022626,15.434554126
49.132264229,15.436596391
49.132774895,15.438276167
49.132807831,15.440007837
49.132224990,15.443512146
49.130403491,15.448908219
49.127407480,15.452829350
49.123262848,15.455985033
49.121836084,15.458341840
49.121829176,15.461385763
49.120154042,15.464641327
49.121330451,15.465405693
49.121319636,15.467285169
49.120578118,15.467079500
49.120332670,15.469754015
49.122323503,15.470618023
49.121855814,15.475137260
49.121993843,15.487260734
49.120997048,15.491073372
49.119778625,15.494717683
49.119316695,15.500729048
49.119627583,15.502273069
49.122708588,15.505828322
49.128112372,15.509031713
49.129469231,15.510838874
49.130729467,15.514109768
49.130953225,15.517899147
49.130268593,15.518060343
49.129650557,15.524449313
49.126873155,15.531028773
49.125518305,15.530742054
49.124597079,15.536297725
49.125981624,15.539433804
49.128775950,15.540272184
49.130682289,15.535247366
49.131208934,15.535825534
49.132670783,15.536429322
49.134746258,15.537341087
49.134129237,15.541613455
49.135199298,15.545687032
49.131877468,15.552722079
49.132556774,15.553397620
49.131347990,15.556059530
49.126717361,15.553107884
49.125891028,15.554212940
49.126330583,15.555589444
49.129995976,15.557539505
49.130536546,15.558480266
49.130539677,15.560440027
49.129675064,15.566340857
49.128933353,15.568091454
49.127213444,15.567316705
49.117803188,15.572330339
49.116211478,15.572128600
49.115992722,15.570867837
49.117221892,15.569927172
49.117250296,15.563725076
49.115549191,15.557085854
49.113562246,15.558630213
49.110028459,15.565965533
49.107126764,15.568870244
49.107156265,15.570595090
49.105713718,15.571359954
49.105261371,15.572950757
49.104491309,15.572950356
49.103394194,15.575879193
49.105256652,15.577416615
49.106621072,15.575675744
49.107620467,15.580011828
49.107094771,15.580687589
49.106054777,15.588410173
49.103920969,15.592767155
49.102645723,15.590866481
49.103218337,15.589757253
49.101757759,15.587918647
49.102457589,15.586927904
49.099341490,15.582627733
49.091926518,15.593667723
49.088910556,15.600703791
49.086582487,15.603312677
49.086456406,15.600940346
49.085114312,15.599222174
49.085457950,15.597627637
49.084309112,15.591642514
49.081137963,15.596054446
49.076625926,15.597745204
49.072816251,15.593491060
49.071241282,15.585694794
49.072793770,15.583134542
49.071832083,15.581532845
49.072460865,15.581126632
49.072295231,15.579511011
49.073035810,15.578691039
49.072133171,15.569802181
49.077087115,15.554091749
49.071739972,15.552374470
49.067166397,15.557468077
49.060530414,15.555720312
49.061787489,15.550844666
49.060938411,15.548171032
49.060675571,15.544676948
49.059847376,15.541701787
49.058616836,15.542396972
49.057110260,15.545517327
49.052519766,15.543411244
49.050107101,15.550360632
49.043036880,15.548172893
49.043394356,15.546422303
49.041812750,15.543654580
49.041935691,15.541242080
49.041348153,15.541146163
49.041481175,15.539759843
49.040065853,15.538271955
49.039647896,15.529147215
49.037371800,15.525412822
49.034542032,15.530544272
49.032911038,15.527731574
49.031328930,15.528335218
49.031869378,15.530094533
49.031376535,15.531623478
49.029919913,15.532210478
49.028712283,15.530940682
49.028030302,15.529111416
49.027137420,15.529049170
49.026287639,15.532219200
49.025293534,15.532474714
49.023555950,15.526429810
49.021720698,15.525916537
49.021344706,15.519235212
49.014808608,15.519187504
49.016654688,15.516130867
49.016316620,15.514188415
49.017083914,15.509667577
49.014993712,15.508355486
49.013112695,15.509183416
49.010259692,15.505160191
49.007953426,15.504650444
49.007492924,15.497501926
49.005040110,15.490818554
49.004667736,15.491590588
49.000383473,15.493172905
48.997040272,15.486351632
48.992584207,15.488943873
48.991127874,15.491657416
48.988443519,15.492521574
48.989168083,15.496322135
48.992733593,15.497836414
48.992504605,15.504187756
48.994250668,15.504492178
48.994205419,15.505949073
48.998891460,15.509783023
48.997386600,15.516050825
48.995226002,15.524524966
48.994578233,15.525838877
48.992681696,15.527225650
48.990651598,15.527342078
48.988928654,15.525750912
48.988736408,15.523818123
48.984250579,15.524192611
48.982748420,15.524274707
48.979893003,15.521675039
48.978807190,15.521467672
48.976342558,15.524861042
48.974972171,15.528392160
48.973721908,15.533220089
48.973090136,15.539326529
48.973148549,15.545325905
48.974057960,15.548743226
48.972558919,15.556907056
48.968924351,15.564995752
48.965194361,15.580702606
48.963836597,15.581179627
48.962544639,15.580421294
48.962258050,15.579220997
48.960447101,15.580039490
48.959089136,15.580371718
48.957912441,15.576096561
48.956231437,15.574749715
48.955169948,15.574547891
48.953018967,15.576421010
48.950707242,15.580295712
48.948203911,15.585837134
48.943805753,15.583410391
48.943447562,15.579625889
48.942554915,15.579393798
48.940881013,15.579026814
48.941526305,15.572738097
48.942321136,15.566285288
48.946120162,15.565874092
48.947188237,15.562370990
48.946660568,15.558965675
48.940954505,15.556844451
48.940871137,15.558284681
48.940031125,15.559328892
48.938508675,15.561236716
48.940089270,15.563654187
48.938388174,15.564017658
48.937524855,15.569841890
48.931867942,15.568779092
48.932641318,15.563189421
48.931308340,15.563173877
48.931406323,15.561464489
48.930207892,15.561432298
48.930263697,15.560324740
48.929428202,15.560299532
48.929526036,15.557913753
48.927940171,15.561621708
48.927676217,15.565884629
48.928528076,15.569267129
48.927797751,15.569423022
48.927139390,15.565405281
48.926980059,15.563650244
48.922534965,15.556936289
48.924710777,15.552569179
48.923455991,15.549252301
48.919444578,15.549389197
48.918422673,15.551097838
48.917370906,15.548839298
48.917453611,15.547392963
48.908757329,15.538758078
48.912004904,15.526695456
48.912323261,15.523488433
48.913211473,15.516183739
48.914704171,15.513099424
48.918603386,15.508729629
48.922465517,15.505820329
48.923715745,15.505117361
48.932099058,15.504546522
48.934657479,15.503630658
48.936474641,15.501706545
48.937730545,15.499120020
48.939060342,15.494817640
48.940427668,15.488997433
48.943604720,15.482816353
48.944369658,15.477618239
48.945737169,15.477275633
48.946483688,15.473414940
48.948100603,15.472015777
48.949682054,15.469957331
48.951460578,15.468094318
48.946805687,15.460212011
48.945068109,15.456118074
48.949215974,15.450083273
48.950491668,15.441941383
48.949596670,15.435188135
48.952118503,15.423343903
48.956074031,15.412756641
48.959355874,15.407438154
48.963491666,15.401300639
48.963897647,15.398970111
48.964471284,15.394118796
48.966146858,15.392131029
48.968507913,15.390297720
48.970969250,15.389654451
48.972281278,15.388572637
48.976243997,15.378215869
48.977533091,15.374598983
48.981203263,15.367092881
48.982642305,15.356152311
48.984346736,15.347897806
48.982973657,15.335295680
48.984146735,15.331715537
48.982040297,15.329469979
48.979737427,15.327370769
48.976219923,15.321206178
48.980435168,15.312108847
48.977807873,15.305541186
48.979490752,15.302766462
48.981086046,15.296633379
48.984739730,15.291501352
48.989074408,15.293939477
48.992746037,15.288805721
48.993053406,15.282996720
48.994293119,15.277832747
48.986649371,15.275607866
48.981996537,15.279394452
48.979927042,15.281544686
48.977916123,15.282231386
48.975132471,15.281393456
48.971557048,15.278348134
48.966169659,15.271940886
48.966061303,15.270572822
48.966710151,15.267315260
48.965637199,15.266121557
48.964300490,15.265475220
48.963526730,15.266962809
48.961178647,15.268458946
48.958018211,15.268953732
48.957195059,15.268318573
48.956849787,15.266939802
48.957352937,15.262363135
48.956030751,15.261905402
48.953298946,15.261569563
48.953857458,15.258900642
48.958321717,15.249411035
48.959232375,15.245291727
48.958996151,15.239842282
48.958065737,15.237921931
48.959027541,15.233148006
48.958679857,15.227999395
48.959095948,15.223533869
48.958338483,15.215219738
48.956935321,15.212854037
48.957062771,15.209605799
48.954010328,15.206813530
48.951751189,15.199635027
48.947316756,15.195497285
48.945712586,15.192036021
48.943339423,15.190758732
48.943178465,15.187971483
48.946289739,15.179343164
48.947317021,15.176027361
48.945152159,15.172589729
48.943536381,15.171267311
48.942729525,15.167594884
48.943537758,15.165668709
48.941762895,15.160295665
48.944942916,15.158547192
48.946019902,15.154319835
48.953848485,15.160962467
48.957949633,15.162409222
48.960287417,15.168119774
48.965515386,15.167980659
48.969391185,15.166095754
48.972181790,15.158520284
48.975453985,15.162510374
48.977460496,15.161467491
48.979511645,15.151890905
48.981603405,15.150029368
48.985355303,15.152604383
48.984887455,15.156747351
48.989785815,15.157863778
48.993911386,15.154203896
48.996799839,15.141328168
48.997952889,15.134344839
48.999461197,15.132985182
48.997524057,15.128928135
48.998730564,15.124309237
48.997241258,15.121804913
48.999374720,15.112056000
48.998683122,15.107405475
48.994899805,15.103399371
48.994624665,15.100785687
48.997595688,15.087239034
48.999610871,15.064997805
49.004294308,15.063880737
49.007319803,15.066949963
49.013382394,15.064347055
49.014198784,15.064993481
49.015463234,15.054991972
49.012918893,15.046273624
49.011393861,15.040702494
49.014758963,15.031970677
49.015762215,15.028095592
49.020047832,15.022410942
49.020609962,15.020386730
49.018334720,15.016348548
49.013998465,15.011216852
49.012238067,15.002588423
49.013271551,15.001629232
49.015016292,14.994873474
49.009397055,14.990234187
49.007928327,14.991617170
49.005227096,14.993858000
49.004133628,15.000486813
49.000755891,14.999264678
48.999965271,14.997544917
48.993509407,14.995743694
48.992424360,14.997797237
48.989211199,14.993513211
48.987865891,14.991033949
48.987259000,14.985737497
48.980263908,14.980922964
48.978165858,14.980565816
48.979815697,14.979181986
48.973830553,14.978542958
48.970921329,14.976760785
48.958494097,14.978301839
48.955834472,14.976787641
48.943524775,14.980971506
48.941505835,14.985034262
48.940541099,14.984145340
48.935642742,14.986562134
48.932080576,14.984354988
48.930431268,14.979707845
48.926963819,14.980090530
48.924109016,14.984874087
48.918790932,14.986518278
48.915649007,14.990597733
48.908666092,14.991118988
48.902519039,14.993354344
48.897167146,14.991742689
48.895708552,14.989321997
48.891158708,14.989665225
48.890963354,14.983890964
48.874898984,14.984465427
48.874400391,14.973258081
48.862501330,14.973025627
48.858189277,14.973181684
48.853419851,14.973925300
48.853678795,14.978105225
48.851280052,14.978471983
48.845681819,14.984776270
48.842185165,14.984817457
48.841927019,14.972509526
48.839781413,14.972550458
48.836389192,14.968634984
48.822473056,14.969623884
48.816878822,14.961299540
48.811895882,14.958084795
48.803469089,14.959848288
48.801098785,14.957067785
48.799188514,14.957104106
48.795959023,14.953403608
48.791807910,14.956482938
48.789252482,14.955345455
48.785830903,14.966059896
48.781041662,14.978280775
48.779103704,14.979788446
48.776284585,14.978744492
48.774397029,14.980733239
48.769466413,14.975167399
48.768605123,14.976118754
48.763212690,14.964767315
48.762349621,14.960324428
48.760415364,14.960292616
48.758092281,14.955220196
48.761254953,14.950775452
48.762179979,14.947199531
48.761147092,14.943214267
48.761922133,14.937482682
48.765945298,14.930512294
48.767277334,14.923152407
48.769082246,14.916966101
48.766828799,14.911883413
48.767681397,14.904446185
48.769988280,14.901448092
48.772406125,14.896381945
48.770850736,14.890156814
48.771221148,14.886898753
48.771782838,14.884591908
48.776404969,14.885704786
48.779164081,14.881860602
48.780834117,14.869028036
48.776721590,14.862304188
48.776801086,14.858316997
48.775518576,14.858483202
48.777702796,14.850335812
48.780603035,14.847707344
48.779219084,14.847021235
48.778355802,14.845960989
48.783452603,14.841790548
48.781953290,14.841030130
48.780118178,14.828617606
48.783097310,14.824818954
48.782090931,14.822329971
48.780507365,14.817387214
48.778826545,14.809466769
48.772872500,14.810149234
48.771397307,14.806971281
48.767089735,14.811130686
48.761377011,14.811875635
48.758458344,14.809824040
48.751570766,14.803568268
48.747744072,14.801197298
48.746382948,14.800953937
48.744172097,14.802073688
48.737467587,14.808827007
48.735147649,14.809354781
48.733961436,14.808813935
48.731627987,14.802777169
48.732824534,14.800800434
48.731082465,14.799344641
48.729694115,14.795300753
48.724702682,14.792787651
48.721902462,14.787852388
48.719061507,14.787418101
48.715715742,14.782368197
48.711429295,14.774770339
48.710658565,14.770581974
48.710897315,14.764931814
48.710250011,14.760290675
48.709462945,14.759317469
48.707601538,14.758265966
48.703161073,14.755327485
48.702844980,14.748750994
48.701106311,14.741065612
48.696821833,14.735274630
48.690581412,14.731685841
48.687892355,14.728353974
48.685304889,14.726789911
48.677817997,14.727066431
48.676128822,14.725328808
48.675408351,14.724127265
48.656894649,14.715425260
48.649679807,14.713753624
48.649852520,14.718781787
48.647256892,14.719794804
48.638664841,14.721627896
48.638704169,14.723200931
48.636757093,14.723519042
48.632616319,14.722304486
48.623782643,14.716844311
48.617366908,14.714992169
48.615467242,14.715441994
48.607915981,14.720066508
48.604144572,14.721713632
48.601645942,14.721656237
48.600438374,14.720824961
48.597011858,14.713428177
48.595950466,14.712044285
48.593860025,14.711795117
48.593352796,14.708937827
48.591980421,14.707625671
48.590466359,14.706873091
48.586628180,14.708092038
48.584636535,14.706297223
48.583155927,14.702184538
48.581999440,14.701010658
48.582037301,14.699711457
48.583961004,14.696663146
48.584870169,14.694411508
48.583679438,14.691627083
48.585138793,14.689570088
48.584206352,14.687021728
48.581991355,14.682021760
48.582456355,14.676640327
48.580691861,14.669147066
48.581095481,14.663898279
48.582661110,14.661364096
48.585273993,14.659108637
48.589081299,14.658062575
48.595905164,14.657670483
48.599069873,14.656176378
48.605880823,14.650547596
48.609065243,14.647696702
48.608472133,14.644199592
48.604251061,14.634821324
48.603789085,14.632391067
48.602675326,14.630892129
48.605130616,14.624252174
48.616889194,14.619986060
48.626038378,14.612818863
48.627272059,14.609874096
48.627164045,14.604408798
48.625012041,14.602870763
48.623998357,14.600163379
48.621099723,14.596875424
48.619546218,14.595740029
48.616903374,14.590550232
48.616762331,14.585537438
48.615468674,14.581333321
48.611593261,14.577179010
48.610838770,14.576052280
48.610794682,14.572934560
48.609614446,14.570604534
48.607725289,14.566949928
48.607363826,14.564846848
48.604532236,14.564841442
48.602707303,14.561903495
48.605164117,14.556028005
48.606631416,14.551964954
48.610840072,14.551037733
48.612987070,14.547268635
48.614027834,14.540589167
48.614476057,14.526640568
48.617077078,14.522178655
48.618811536,14.518070832
48.618256261,14.511220883
48.615995050,14.504578205
48.617338239,14.502471936
48.620805198,14.498863525
48.622388138,14.493791815
48.626743397,14.495186496
48.632380133,14.492089581
48.633643633,14.485997850
48.640105356,14.475181133
48.641435724,14.475640559
48.642429869,14.476195423
48.644419956,14.471518584
48.647369218,14.469713863
48.645864504,14.468333210
48.644954340,14.463803070
48.643287334,14.457136926
48.644149577,14.453340229
48.643340501,14.444138436
48.638131407,14.445641380
48.636047290,14.447574957
48.634086551,14.451265669
48.629432004,14.454676502
48.624118092,14.456923759
48.624331457,14.452879370
48.619044229,14.447831760
48.613058568,14.449078062
48.607144392,14.444724150
48.602628825,14.443474196
48.599423545,14.441563382
48.597331408,14.435830605
48.592013992,14.434049902
48.588200237,14.430743372
48.588057934,14.425896970
48.588863059,14.423379729
48.591896597,14.416537963
48.591902002,14.408743391
48.592556100,14.402391595
48.591991409,14.395519762
48.592979474,14.394810883
48.593335053,14.391255978
48.591540399,14.386919483
48.582902083,14.388933392
48.581832588,14.391925967
48.579010736,14.393028159
48.577098269,14.394347525
48.571166184,14.387251926
48.568990473,14.381236518
48.569432420,14.369225043
48.575337007,14.365810700
48.574347320,14.358587999
48.568107490,14.353210276
48.563991779,14.353170138
48.562106684,14.353499007
48.560233744,14.346948102
48.554450793,14.342894452
48.552989910,14.335404174
48.551534496,14.330442641
48.553232623,14.327000244
48.563257408,14.323978229
48.562332387,14.319654394
48.564024963,14.309363879
48.566227575,14.305589745
48.567597107,14.295745715
48.574709672,14.277039288
48.580520794,14.269889206
48.581291634,14.257534174
48.576754274,14.240630423
48.577623228,14.238353713
48.581145688,14.236493952
48.585063590,14.226776117
48.586070464,14.214859740
48.587860029,14.211260942
48.588427923,14.206342393
48.589572835,14.204012827
48.589711831,14.200632879
48.591362428,14.195353108
48.592399616,14.189632211
48.591963715,14.186226051
48.593286902,14.182114074
48.592066611,14.179450626
48.592336529,14.177479748
48.590634308,14.177920469
48.589202945,14.165618227
48.588998484,14.162558722
48.592300149,14.162131980
48.591866340,14.158951316
48.593821502,14.155198146
48.595641242,14.152715124
48.593819514,14.147613424
48.594331857,14.144068307
48.593537581,14.142375725
48.597273349,14.130502993
48.596745912,14.128656369
48.594122530,14.126635376
48.592016237,14.120257829
48.589963735,14.118129255
48.588854549,14.112897433
48.589425450,14.103710660
48.591933218,14.094751147
48.594018870,14.094718316
48.598322455,14.097118966
48.599420846,14.095859797
48.598465866,14.094204798
48.599562285,14.085308454
48.598816386,14.081441357
48.599028121,14.071745595
48.594926955,14.068995520
48.594347718,14.066611523
48.602544305,14.066468436
48.605518168,14.069205883
48.606409985,14.069032339
48.605879035,14.064465476
48.606074154,14.061434049
48.603420547,14.054206399
48.608103354,14.050132401
48.609714152,14.050262757
48.612210691,14.041127233
48.614934327,14.042651987
48.617553255,14.040573481
48.618633259,14.044886264
48.624391480,14.045462725
48.626739002,14.047333400
48.628048022,14.041774135
48.627064531,14.038866081
48.626560444,14.031907633
48.625667748,14.028714447
48.628094026,14.029206904
48.630547132,14.022023074
48.632301821,14.023095824
48.636406792,14.016956489
48.638977705,14.011117125
48.639975823,14.009861399
48.641021969,14.014668175
48.644381191,14.018294865
48.645708756,14.022912633
48.652434139,14.023627798
48.655020257,14.039729021
48.653904362,14.046949634
48.653087639,14.052822429
48.659040491,14.057771359
48.662354867,14.058245930
48.665918506,14.059533510
48.670663791,14.058617267
48.673112511,14.058965510
48.674928563,14.053378755
48.675061580,14.048919149
48.677180640,14.042506638
48.675600419,14.039336171
48.676595882,14.035262334
48.676108173,14.034042634
48.679522157,14.033070636
48.683634080,14.023922216
48.685450216,14.026125560
48.685470073,14.027775598
48.689444261,14.022740724
48.692042052,14.015833247
48.695912216,14.018144566
48.696197297,14.015591315
48.694515707,14.011358346
48.696153647,14.009855873
48.698587140,14.012820506
48.700461800,14.009310032
48.704253769,14.008492838
48.706036541,14.007176845
48.706888970,14.005053293
48.708430007,14.000612202
48.710138365,13.984247203
48.709032592,13.978725113
48.713076552,13.970618301
48.713793385,13.957526536
48.715385607,13.955453560
48.719831091,13.953390150
48.722184128,13.946238865
48.721641780,13.942453589
48.724171915,13.938309573
48.725723041,13.937428018
48.731731638,13.926991088
48.735480382,13.926291730
48.736693968,13.921207742
48.739853457,13.920140614
48.743247205,13.915628012
48.746474990,13.910900990
48.756702585,13.896434762
48.758890609,13.888633380
48.768158246,13.872325079
48.769570110,13.865066084
48.771214398,13.856257274
48.769557806,13.849318437
48.772208003,13.844086952
48.770208730,13.835198907
48.773978497,13.814140326
48.780916183,13.804291537
48.784130807,13.808606056
48.796748538,13.814701011
48.802709695,13.807820046
48.814148389,13.796494707
48.816674296,13.798754116
48.818703923,13.797845796
48.819385412,13.795207240
48.821759342,13.793252404
48.824246896,13.787860662
48.826464733,13.788432207
48.827937225,13.792109897
48.830052803,13.792375350
48.832225929,13.778830870
48.830372236,13.770742332
48.834999636,13.764840515
48.836652635,13.764925279
48.843325428,13.760724027
48.855709076,13.753557741
48.857149915,13.751167652
48.860661577,13.748766031
48.863829949,13.750141457
48.866347095,13.749952389
48.868358256,13.747445853
48.874096556,13.743543726
48.879399814,13.737402033
48.884785401,13.737365880
48.887018174,13.730488184
48.882193787,13.726376420
48.878200008,13.717432690
48.881735120,13.700864700
48.879714911,13.693733053
48.878129108,13.688362199
48.879357843,13.684831204
48.878447759,13.677910684
48.880612252,13.670927204
48.883931150,13.669542804
48.887267252,13.668334909
48.890038952,13.669542762
48.891052833,13.668767490
48.893058286,13.665754766
48.893958107,13.663033469
48.893738449,13.659103130
48.894150110,13.654937386
48.895445321,13.651563861
48.898018573,13.649028344
48.901378653,13.647596653
48.911407088,13.645578236
48.915380022,13.643447755
48.916727211,13.641611437
48.916647644,13.639028251
48.918289504,13.638249440
48.925517774,13.637712078
48.930668159,13.631814745
48.939015356,13.622171534
48.940783271,13.622496247
48.947179002,13.631017537
48.949038611,13.628466578
48.948511759,13.620379279
48.944405765,13.615016072
48.944168338,13.611753497
48.942487720,13.608328025
48.940111660,13.610706208
48.938136988,13.611148818
48.940943413,13.606017333
48.945824857,13.598407331
48.950867651,13.592835481
48.954929624,13.589743089
48.959221944,13.592791247
48.960587968,13.592938061
48.964178105,13.589731519
48.966901469,13.586587385
48.970616725,13.580904519
48.970815776,13.579937711
48.970445375,13.578081638
48.969084194,13.575661956
48.966532867,13.574582728
48.965680856,13.572200646
48.966745536,13.569678076
48.969697873,13.566059998
48.970251432,13.564033417
48.967669939,13.558899123
48.967025218,13.556551832
48.967638534,13.552157104
48.969259030,13.552272707
48.973685338,13.550135878
48.977180097,13.551560638
48.979150523,13.552276335
48.981412312,13.543384621
48.984834923,13.537424430
48.986917328,13.536321201
48.990781567,13.539280513
48.997598074,13.538982883
48.999508844,13.542509943
49.004960529,13.546545527
49.009169709,13.543494057
49.011154742,13.543895615
49.014791002,13.545649590
49.017592028,13.543347415
49.021165490,13.547554031
49.022880949,13.549336116
49.024143094,13.549505516
49.026547576,13.553066432
49.029869655,13.552920060
49.030552589,13.555245235
49.034448581,13.555775797
49.037013286,13.556509900
49.042405466,13.563561561
49.043966364,13.564182155
49.048263143,13.569989031
49.050518267,13.569345898
49.051050604,13.571901388
49.048891370,13.574543262
49.048106309,13.579520335
49.045886823,13.582142538
49.044164441,13.584475439
49.045543277,13.585652387
49.045826915,13.588178312
49.048912869,13.591101278
49.053996380,13.601351523
49.055400447,13.602690153
49.059996587,13.604700196
49.064999860,13.607528773
49.066984533,13.607529578
49.070648062,13.605513489
49.079536732,13.595971272
49.082545872,13.593683966
49.087136058,13.597119823
49.091712112,13.594737665
49.093979691,13.587712259
49.098378599,13.582497787
49.105181608,13.579835257
49.108187609,13.595703801
49.110748651,13.597539595
49.115448858,13.595496536
49.121704247,13.593925871
49.122835666,13.590712183
49.126291760,13.591101384
49.126721802,13.590013426
49.129276455,13.592651001
49.130633016,13.593665591
49.131611816,13.591959911
49.135733911,13.593967473
49.137351659,13.595441675
49.138262517,13.598876653
49.139001163,13.600139878
49.139843752,13.600110948
49.141383420,13.599548780
49.142735298,13.598442441
49.143510303,13.596545018
49.144229034,13.592326870
49.145207814,13.589590632
49.146396177,13.587988220
49.146811858,13.588335991
49.147970596,13.590730129
49.148321249,13.592434799
49.147326030,13.599467420
49.148169893,13.604448689
49.148347740,13.607611224
49.147605059,13.608306170
49.146954045,13.608327508
49.146037694,13.605702566
49.145389480,13.604588759
49.143917641,13.608418278
49.143955471,13.611043761
49.141775405,13.616655753
49.141796384,13.620229830
49.141174567,13.625045239
49.137034681,13.627718955
49.136407763,13.628648947
49.137843413,13.633178071
49.141653127,13.639500526
49.144952890,13.643326707
49.147586812,13.644245800
49.149052391,13.645291257
49.148950243,13.649715686
49.149059744,13.651822968
49.151057984,13.655084252
49.153498042,13.655032537
49.154825370,13.659717730
49.156123602,13.659667797
49.158529683,13.658564960
49.159338644,13.659112639
49.159072188,13.666990583
49.159200042,13.669398194
49.162264915,13.675044048
49.161421903,13.678820742
49.164227536,13.682263748
49.161828995,13.686592822
49.162382861,13.688089723
49.158532349,13.690564959
49.162090277,13.692675022
49.163578478,13.697067768
49.165000226,13.695886039
49.164029649,13.692428707
49.165206899,13.691444580
49.164613822,13.689072125
49.163504388,13.688878227
49.164583702,13.687047935
49.166614697,13.685704287
49.167387627,13.687774373
49.168060977,13.692104058
49.169318104,13.694201220
49.172080145,13.693865571
49.176854740,13.692153775
49.185109387,13.690857829
49.187457339,13.692957051
49.188609835,13.696229517
49.191173992,13.696899322
49.193466871,13.703322933
49.192855351,13.707626202
49.191954645,13.712795806
49.192930348,13.715938050
49.195988135,13.718995694
49.198484536,13.715666976
49.202442957,13.714021932
49.208395523,13.714017570
49.209085105,13.710613841
49.211774870,13.709007660
49.211232247,13.707434412
49.211998397,13.701300241
49.213033491,13.698160089
49.214282901,13.696952331
49.216881622,13.696662946
49.221476427,13.696337688
49.221723871,13.695041482
49.219595181,13.692387666
49.222749793,13.690890463
49.224241791,13.690340707
49.224081842,13.692730216
49.225001495,13.691712696
49.225607249,13.688857736
49.229521020,13.689949431
49.229435708,13.694429088
49.231283844,13.694931657
49.231931993,13.691385385
49.235839762,13.695526189
49.238144006,13.699524573
49.237801061,13.701056434
49.237837307,13.703033155
49.237492397,13.704676117
49.236188818,13.707875532
49.236199589,13.709704477
49.236988791,13.710138292
49.240678528,13.708461081
49.241893231,13.709464901
49.242386067,13.705433931
49.245059993,13.705641541
49.245224412,13.707911771
49.246459684,13.708186375
49.245964605,13.710045298
49.244329634,13.713431227
49.243029432,13.713897105
49.242331632,13.716462654
49.242304055,13.721686879
49.242738776,13.723804243
49.243829454,13.726164761
49.244423906,13.726326096
49.246175050,13.724399210
49.247692729,13.721452949
49.248476543,13.719588664
49.250310027,13.719563909
49.252191013,13.722721999
49.254465488,13.727420064
49.256419044,13.728548839
49.256615017,13.730320368
49.256332057,13.733596046
49.256772139,13.733772972
49.258975508,13.732544524
49.259548356,13.731318746
49.258803157,13.728863120
49.257175091,13.727716706
49.257915821,13.723515233
49.256888352,13.714451349
49.258631449,13.709056212
49.257783239,13.707611333
49.258654567,13.706409313
49.261662719,13.705079672
49.266409558,13.704418301
49.269024041,13.702312912
49.276657880,13.703248022
49.278256237,13.698239824
49.280178192,13.699508525
49.278536910,13.707843875
49.279461181,13.711682482
49.279196295,13.713084040
49.280844927,13.715763741
49.278348589,13.720137143
49.277820713,13.726078984
49.281043958,13.730581984
49.284277636,13.730847329
49.286267136,13.734052816
49.290729193,13.734901138
49.291873742,13.733476865
49.293240919,13.729452719
49.292245544,13.726568120
49.294171777,13.724011796
49.297493332,13.721977963
49.299183538,13.721125255
49.300443716,13.726667571
49.304159101,13.725515201
49.307702817,13.723333783
49.310795235,13.724303343
49.309068367,13.733662707
49.314476077,13.735462359
49.316738060,13.738953517
49.317660391,13.741839466
49.319012076,13.745128179
49.318418967,13.747092256
49.323015077,13.750288245
49.324391086,13.757246718
49.322911133,13.768075336
49.324522641,13.770099967
49.329558768,13.769926687
49.331572035,13.768838663
49.332185951,13.766802992
49.334432285,13.766915451
49.334560637,13.771389431
49.337706232,13.770548226
49.337535131,13.769140265
49.340857524,13.770526189
49.343311238,13.770906684
49.348267519,13.775313710
49.349861872,13.776211156
49.351632131,13.788077997
49.353304889,13.783994960
49.354264507,13.784717704
49.354817241,13.783940114
49.355218558,13.785572488
49.356544505,13.783947044
49.358694900,13.785148903
49.359035140,13.783668945
49.354551293,13.781252181
49.355722505,13.778293767
49.361154157,13.783020474
49.361159042,13.785259396
49.363984751,13.786681716
49.362185010,13.789341408
49.365099859,13.788937979
49.365104768,13.787847401
49.367295180,13.788041592
49.369038292,13.789927852
49.372120427,13.787183822
49.373500339,13.783934227
49.375065908,13.783675375
49.373676842,13.781501008
49.375013662,13.780274594
49.375120820,13.777687022
49.376399440,13.776327368
49.376743297,13.773745074
49.375912009,13.773509768
49.376079393,13.771078389
49.377128420,13.769504185
49.378263856,13.770829213
49.377907155,13.773942002
49.379347636,13.773990614
49.379613713,13.770785319
49.380394937,13.770591987
49.381713947,13.772791841
49.381677746,13.774599722
49.384315079,13.770912480
49.385480942,13.767518832
49.386388080,13.767501801
49.386416315,13.765706642
49.388169935,13.762758462
49.389655103,13.762988841
49.390217676,13.764499755
49.391516999,13.763357408
49.392825283,13.764018763
49.397279072,13.761462037
49.397991830,13.759603198
49.399213824,13.760597230
49.399012441,13.758017678
49.400825991,13.760065217
49.401611323,13.761814671
49.401644569,13.758647549
49.403660647,13.758347771
49.403855371,13.760858042
49.404823786,13.762072896
49.408306166,13.764065565
49.410451228,13.765019745
49.410531627,13.763199438
49.412429928,13.762096028
49.416128111,13.761615414
49.418144699,13.762223282
49.420474882,13.766349767
49.422100950,13.764631847
49.422424786,13.767164217
49.425567231,13.769522054
49.427130664,13.772665195
49.428204443,13.772394875
49.428275458,13.774375469
49.429792669,13.772658319
49.431452753,13.774210558
49.434284761,13.778208573
49.434467880,13.779911304
49.433762902,13.784262930
49.434522117,13.784695994
49.434406353,13.789389834
49.435447757,13.789065797
49.435581773,13.785792915
49.435795282,13.780705268
49.437238019,13.777825881
49.439323962,13.776734783
49.439319346,13.779447688
49.441224892,13.778370625
49.441221924,13.777101707
49.440258669,13.777101916
49.443496600,13.773608601
49.444268995,13.770943190
49.445073744,13.772804263
49.447935111,13.771173411
49.447306967,13.769258636
49.448891666,13.768818974
49.450007149,13.766866938
49.452111768,13.763047916
49.453873777,13.765225128
49.455236048,13.765215847
49.455986071,13.763173617
49.457708632,13.761894080
49.457512901,13.764030667
49.458442950,13.764347744
49.459571818,13.763988807
49.459577270,13.762048277
49.460296143,13.762058109
49.460298630,13.760752575
49.461702276,13.760521010
49.463613891,13.761048043
49.464697666,13.762185094
49.464689809,13.764671547
49.466066820,13.765958475
49.467242188,13.765038859
49.467876532,13.765876500
49.468841891,13.763043484
49.471098209,13.763450829
49.472871045,13.764124528
49.473546071,13.765388214
49.475268057,13.765910278
49.475856666,13.765031788
49.475020363,13.761128038
49.475588059,13.760506623
49.477167822,13.764106527
49.480382951,13.762849165
49.476868337,13.759924303
49.480647036,13.760856586
49.481409474,13.759039160
49.480868989,13.764798535
49.481500248,13.768840945
49.483685579,13.768695516
49.484385247,13.766825335
49.484662967,13.761197489
49.484060152,13.758817855
49.482525195,13.759302775
49.482138625,13.757824760
49.483547333,13.757825732
49.482500633,13.756762704
49.483125660,13.753242775
49.484782999,13.749169683
49.485976266,13.748342893
49.488934943,13.748491030
49.489615463,13.747909422
49.491455663,13.750427356
49.493599231,13.747562873
49.494361410,13.749641605
49.495394601,13.751798870
49.497450838,13.752013787
49.496592909,13.757397411
49.501214504,13.758876859
49.502527515,13.758637065
49.503209090,13.757208975
49.503936252,13.752739404
49.504789922,13.752610979
49.507016776,13.753782872
49.507844774,13.757409076
49.508994513,13.757172483
49.509748511,13.758882588
49.512681632,13.759144651
49.513326439,13.760521676
49.513700724,13.762775768
49.513222809,13.766053013
49.511002567,13.768404647
49.510705703,13.782735965
49.509944207,13.782946130
49.509780047,13.784752584
49.512018253,13.785639828
49.515724817,13.789732688
49.518045089,13.790241721
49.518481922,13.797220256
49.515612323,13.808136376
49.516014688,13.809310659
49.517142943,13.807604827
49.518623986,13.808368451
49.518414988,13.814012206
49.520471192,13.813082490
49.523560578,13.814324838
49.524062943,13.815691910
49.524902974,13.817361652
49.525276120,13.822346609
49.526789967,13.820488830
49.527002800,13.824455923
49.521121540,13.826827664
49.520836243,13.827843424
49.519117491,13.827828860
49.518405287,13.830187834
49.520236655,13.831965224
49.511041618,13.833887710
49.510295971,13.835511280
49.510785896,13.837037215
49.513163894,13.838926830
49.514225118,13.838139785
49.513855536,13.840952055
49.511535856,13.840060999
49.510706026,13.841660024
49.511281997,13.842752344
49.511711320,13.844215151
49.512594656,13.845099313
49.511528530,13.847658084
49.513092398,13.848532669
49.512075633,13.851709702
49.513527698,13.852747531
49.519076867,13.858484085
49.521334948,13.862406147
49.522466360,13.863677695
49.522276042,13.862433298
49.522880038,13.859116684
49.523385996,13.858220381
49.524521507,13.860016703
49.525552486,13.862587339
49.525892730,13.866355829
49.524258226,13.873796414
49.523046139,13.879628346
49.518874772,13.878462501
49.515314193,13.881264888
49.513549656,13.881052112
49.513611450,13.882477024
49.511273172,13.888027685
49.513525183,13.888496445
49.514001709,13.897918308
49.513686950,13.900139795
49.511659017,13.895395696
49.509810497,13.896797283
49.507770593,13.891639161
49.506406673,13.891049549
49.507334920,13.893474470
49.507258730,13.898931263
49.509785356,13.900579834
49.509296272,13.903199932
49.507200482,13.904291916
49.506902829,13.906919537
49.504262523,13.908500493
49.504012548,13.909801783
49.504282377,13.913343946
49.501967226,13.917222393
49.502287749,13.922368548
49.501653505,13.923062966
49.502788310,13.927165130
49.503258840,13.929412817
49.500877980,13.930953029
49.505017924,13.936920314
49.504038572,13.938487509
49.505152614,13.939515920
49.506284045,13.939699052
49.509455083,13.936402697
49.511161191,13.935780334
49.512952997,13.938415356
49.513963182,13.938724664
49.514160949,13.941218877
49.515513031,13.942267422
49.517090941,13.946885563
49.518876544,13.948876567
49.516007009,13.954509319
49.514184393,13.954157467
49.513238916,13.956583274
49.511214820,13.967647846
49.510720433,13.972331400
49.511262667,13.975536385
49.512252556,13.976488588
49.515898227,13.977216051
49.519443668,13.981713675
49.523813324,13.980550312
49.523620656,13.983542763
49.525946942,13.985203903
49.526884436,13.984737608
49.526888857,13.986437772
49.523883567,13.990051677
49.524271848,13.993917953
49.519333242,13.995409132
49.518863937,13.999042506
49.520709038,13.999346440
49.522251013,14.000587838
49.522573571,14.005895894
49.525670892,14.001316801
49.528301515,13.999711050
49.531151381,13.999304770
49.531291601,14.000057744
49.530532743,14.002313126
49.528176586,14.003833830
49.528277109,14.004980300
49.528872286,14.006228916
49.529781624,14.006726559
49.530074525,14.008504229
49.531801840,14.008227415
49.532516604,14.007612363
49.533477193,14.009829392
49.534902559,14.009821420
49.534856073,14.008932827
49.536955962,14.009300970
49.538789606,14.010691278
49.538003989,14.013178321
49.539877337,14.014469111
49.541355928,14.013916324
49.544110327,14.010577234
49.545642288,14.009561564
49.548623985,14.009450491
49.551442638,14.010493549
49.551549943,14.011185132
49.549750145,14.013874651
49.549334906,14.016126138
49.549263294,14.020742969
49.550688660,14.020735312
49.550663035,14.022314359
49.548881851,14.024647833
49.549145743,14.026193551
49.552835091,14.030371993
49.553946951,14.032620838
49.553561928,14.034243972
49.554426018,14.035485962
49.557799777,14.036602731
49.559662398,14.038411211
49.558307083,14.043768859
49.558466301,14.047754898
49.559749310,14.056863773
49.561506399,14.059651117
49.561025265,14.061227053
49.556433603,14.066557977
49.556461440,14.074114805
49.555542753,14.074296251
49.555144936,14.072279864
49.554622813,14.067893999
49.552046708,14.068910208
49.550929935,14.066757714
49.544640658,14.067398750
49.541794509,14.068244971
49.540505446,14.064528388
49.536378780,14.063906315
49.536402677,14.064947774
49.534414603,14.065938335
49.531818432,14.066443695
49.530731922,14.070497908
49.528010603,14.072201033
49.527972548,14.073848859
49.528716637,14.074429871
49.528626588,14.076301170
49.529764912,14.077118372
49.528573690,14.078377820
49.528744692,14.086504463
49.529355215,14.087605988
49.526851760,14.089506052
49.528895377,14.091667678
49.528822933,14.094125259
49.528090404,14.094257218
49.528525218,14.101417751
49.530792602,14.101089288
49.532769670,14.101648791
49.536109003,14.100045462
49.536277810,14.106395758
49.534169424,14.108249416
49.531650302,14.106245008
49.529212630,14.107187995
49.528053365,14.112731379
49.529227603,14.116401805
49.529211244,14.119866961
49.528726152,14.121697058
49.528607390,14.124841203
49.530435570,14.125068459
49.533967207,14.121510585
49.536692985,14.121130680
49.537126470,14.122178390
49.536998941,14.125818939
49.534400188,14.134139065
49.534176313,14.135704675
49.533960278,14.142038966
49.529904971,14.150275377
49.531263138,14.152108254
49.532865006,14.150863425
49.533858659,14.151497458
49.533722010,14.159594591
49.534907171,14.166467457
49.533853699,14.172501394
49.532042519,14.177306660
49.532918223,14.180320413
49.535445092,14.182922524
49.535790703,14.188576647
49.535801583,14.192760021
49.537798864,14.200790576
49.537608761,14.202980357
49.535955961,14.203970780
49.534870794,14.202629980
49.533922937,14.199614678
49.532045101,14.200328699
49.531698825,14.207362220
49.534361514,14.208379232
49.535442359,14.208581198
49.536776874,14.211557918
49.538775821,14.211771106
49.540476830,14.213791367
49.538992360,14.209868646
49.541161359,14.209558089
49.541689094,14.211059988
49.541049803,14.211417047
49.541198476,14.214534239
49.542781685,14.215663338
49.543723937,14.219219244
49.544639914,14.220400349
49.545685107,14.221405712
49.548212997,14.221644817
49.547951221,14.223253077
49.549276466,14.224143757
49.549311595,14.225821997
49.556588650,14.225767377
49.557478941,14.223981441
49.558310232,14.224434466
49.558923844,14.223397649
49.559189203,14.224813015
49.561660093,14.226219055
49.561392234,14.231246136
49.564060113,14.232822280
49.563722119,14.235688372
49.559703205,14.237518622
49.560291619,14.241250494
49.562897201,14.248609468
49.564193149,14.253523037
49.564775592,14.259726798
49.567913336,14.265479419
49.563433702,14.269336659
49.565878665,14.274364500
49.563024875,14.277331711
49.563041204,14.284815229
49.558451791,14.293374651
49.557819812,14.290909995
49.556060442,14.291732119
49.549581045,14.290461813
49.549190414,14.293362741
49.547785390,14.292785980
49.547945438,14.296253966
49.544917601,14.298005807
49.545773936,14.300442787
49.549917855,14.305800143
49.548218997,14.307391393
49.544698541,14.316240513
49.546521438,14.316922542
49.545835355,14.319675367
49.542495249,14.320185077
49.543108023,14.322042246
49.541405088,14.323088061
49.540839462,14.325668289
49.540339824,14.328878863
49.540835562,14.330748444
49.538123723,14.332886522
49.534568746,14.328506081
49.530835710,14.329690255
49.528945489,14.327760145
49.529718973,14.324768014
49.528050393,14.325189661
49.527599737,14.332557561
49.529201279,14.334609310
49.528849732,14.336144487
49.531897065,14.341038964
49.531944636,14.343275761
49.530651861,14.344039319
49.530306491,14.346348579
49.528630070,14.347287162
49.528628070,14.353404434
49.524584931,14.353969178
49.525095921,14.356515604
49.529957670,14.355163243
49.532174929,14.360426477
49.530941708,14.362658030
49.531306752,14.364191256
49.530431369,14.365558627
49.528774661,14.364802080
49.528646358,14.366703686
49.531172440,14.367739940
49.534087308,14.368759228
49.535929418,14.371777983
49.533649568,14.373174496
49.534796036,14.375525176
49.536042928,14.374350954
49.536130448,14.377947631
49.537648178,14.377261300
49.537861777,14.379535530
49.538934269,14.378137540
49.539547458,14.380817989
49.540247553,14.379316321
49.541698528,14.379098899
49.540807142,14.381501881
49.541519911,14.382766411
49.540337768,14.384156945
49.541167000,14.385000630
49.541885307,14.383802001
49.541902119,14.385302159
49.543348216,14.385939662
49.543463825,14.390662172
49.544562794,14.392387623
49.541615416,14.397371671
49.541023726,14.402107092
49.538389557,14.403199324
49.535038628,14.405610576
49.535356596,14.407840281
49.537538915,14.408187188
49.536495950,14.412348029
49.538483784,14.413867445
49.539532162,14.411183809
49.538905972,14.407945179
49.541843931,14.403863831
49.542011991,14.405940072
49.543318269,14.405931243
49.544527721,14.408183196
49.545105197,14.404905521
49.546138795,14.407119447
49.549096470,14.403662440
49.550595309,14.404080117
49.552126164,14.401919743
49.553672758,14.401958937
49.554087621,14.399298215
49.555421258,14.400808436
49.552816842,14.406787675
49.554141596,14.409516547
49.555980674,14.407553231
49.558091675,14.406395862
49.557769408,14.409078957
49.555194458,14.412656109
49.555721708,14.414083445
49.553491083,14.415628472
49.552436964,14.418249798
49.551156226,14.418340787
49.548611133,14.422557878
49.543331464,14.426950732
49.544218086,14.429961800
49.543735835,14.430861552
49.548130087,14.432702147
49.548298365,14.439559173
49.548611835,14.442660979
49.541876416,14.443464352
49.541976975,14.449772594
49.538486898,14.452971435
49.538107273,14.455531120
49.534684057,14.456022334
49.533621495,14.461609455
49.536099606,14.462224155
49.532288227,14.466097256
49.532123301,14.470253913
49.533902341,14.470765094
49.533472715,14.467879687
49.535946272,14.464575586
49.537139936,14.466358976
49.537914175,14.473620816
49.543772493,14.476320176
49.545016575,14.474188111
49.546309558,14.477292960
49.546347292,14.478804183
49.545018861,14.483694412
49.543872647,14.483970173
49.543364646,14.489379611
49.541151742,14.495418729
49.541424502,14.499509089
49.544010885,14.503390331
49.544916867,14.506317924
49.544676520,14.510274393
49.544022540,14.511248071
49.542517900,14.511924827
49.540179303,14.510013478
49.538634686,14.510017788
49.536519523,14.511621359
49.537120833,14.513079466
49.536265776,14.515307041
49.534797736,14.515433274
49.534793407,14.516670103
49.536799894,14.521124321
49.534288064,14.521760306
49.535490064,14.524877536
49.533320428,14.528043505
49.535238757,14.530029350
49.537155886,14.535076331
49.534775283,14.538322238
49.532920530,14.546178941
49.532123253,14.547937637
49.534213021,14.550327559
49.534040342,14.552480118
49.533916321,14.554464950
49.531894269,14.554482501
49.531270200,14.561078928
49.533914523,14.563997856
49.537070899,14.564289423
49.539770009,14.569064539
49.534798251,14.568869245
49.534664132,14.573314167
49.536997125,14.573839161
49.537774747,14.571853429
49.538590985,14.573391492
49.536252946,14.577953896
49.538628627,14.583287675
49.541467123,14.585534677
49.543472774,14.585332174
49.544905280,14.587070119
49.543255374,14.590488068
49.534602897,14.589812183
49.531059554,14.584301841
49.527772720,14.583454854
49.527040976,14.578036614
49.524948762,14.575611634
49.522996790,14.574159873
49.522504708,14.581029627
49.519268332,14.583637446
49.519294360,14.594953580
49.522495113,14.603897696
49.523091418,14.610575806
49.519573242,14.623616093
49.518368597,14.633773004
49.516181919,14.636359001
49.509513107,14.639255693
49.505479376,14.639092116
49.503881273,14.641044207
49.504409056,14.644891817
49.504427798,14.650283793
49.508828336,14.653497725
49.511196594,14.652982250
49.513436488,14.656493788
49.517183589,14.654835320
49.519592264,14.649910431
49.520696612,14.650813923
49.520966014,14.654928086
49.525050871,14.657233031
49.526405210,14.659750752
49.526292173,14.665721355
49.528683037,14.667332817
49.528565695,14.671804734
49.527991974,14.671883993
49.531808118,14.677559328
49.534386159,14.683293945
49.538538737,14.682848466
49.538557059,14.684202527
49.537831032,14.684407819
49.539349680,14.690899616
49.544058298,14.694440672
49.542687832,14.701725546
49.543206219,14.706951633
49.540912090,14.708319465
49.540935088,14.710669350
49.542151844,14.712663926
49.545249475,14.722730882
49.546526895,14.722711361
49.547633663,14.727934335
49.546673093,14.730349505
49.549352012,14.737177278
49.549304242,14.734953462
49.549477733,14.733711863
49.549705640,14.732470251
49.550789022,14.733560198
49.550642989,14.735745721
49.552859724,14.737038544
49.555993505,14.732171132
49.556800338,14.729865165
49.558027127,14.732712187
49.559626878,14.730448520
49.557978426,14.728178823
49.560037614,14.725565513
49.559752413,14.724474895
49.560855944,14.724228909
49.563081872,14.727402431
49.563978213,14.726441682
49.566631865,14.728900108
49.567659332,14.725373868
49.567024079,14.721609965
49.569977172,14.720829293
49.569963846,14.719004724
49.572336775,14.720109024
49.572965833,14.722234117
49.579877400,14.722535116
49.579273640,14.725507975
49.580053024,14.727276101
49.581131449,14.728204397
49.580461753,14.729686774
49.581513824,14.731775754
49.583842147,14.729230297
49.584335408,14.730628993
49.585245118,14.730344657
49.588098212,14.732699242
49.588738097,14.730767899
49.588130622,14.729202743
49.589525175,14.728546739
49.589333229,14.726647892
49.590779325,14.728991232
49.592152289,14.727249728
49.592172526,14.724869021
49.592922885,14.726198390
49.593638606,14.730893981
49.595698062,14.727967608
49.597640305,14.728501168
49.596688768,14.731023017
49.597123539,14.732480153
49.596050936,14.736641421
49.594695149,14.744237743
49.598381248,14.745426358
49.599517128,14.743772771
49.600716482,14.745157112
49.601492145,14.741543693
49.603012708,14.741504095
49.603822735,14.743420542
49.604998344,14.742749615
49.605678008,14.744313208
49.604818379,14.745071481
49.604850544,14.746910166
49.606437745,14.747221398
49.607650996,14.752961136
49.607813141,14.751794461
49.609982315,14.752751634
49.609437036,14.755991612
49.610387912,14.758386397
49.609686296,14.763283154
49.615940841,14.763336495
49.618958621,14.764983508
49.621251414,14.766323872
49.620553598,14.767171735
49.618038377,14.766616820
49.614573348,14.770633108
49.608969796,14.778308442
49.605266150,14.780799948
49.604717357,14.782642900
49.604859791,14.787026942
49.604672620,14.789802139
49.602914309,14.794345062
49.602497670,14.800566613
49.601473816,14.807114020
49.602355567,14.811671091
49.601768968,14.814870528
49.599075034,14.815819229
49.597522251,14.818542301
49.593277332,14.821391209
49.592127531,14.821415704
49.586728659,14.830049693
49.584265910,14.837497107
49.584508317,14.838736903
49.579100922,14.844215353
49.575920612,14.845733383
49.575064412,14.850452374
49.576769231,14.850766604
49.578550672,14.847847483
49.585645138,14.853798507
49.586804404,14.854520605
49.588230998,14.858365165
49.586461502,14.861533113
49.587407267,14.866121020
49.590194173,14.865621161
49.591646739,14.866592560
49.591378788,14.868231669
49.587890282,14.868587355
49.587779553,14.873338910
49.587547269,14.876457704
49.586414793,14.877851445
49.584550619,14.876519450
49.584910562,14.870862738
49.583317589,14.870582334
49.584045800,14.874538893
49.580947332,14.874576703
49.578927294,14.875347720
49.577982128,14.872884585
49.576852531,14.873993041
49.577375424,14.875972439
49.574663679,14.877457726
49.571791626,14.874732984
49.573502520,14.877135926
49.573203055,14.879150273
49.575331515,14.881983695
49.573941995,14.883113234
49.568745139,14.883437566
49.566216177,14.884203862
49.564175501,14.886538645
49.564183416,14.889817869
49.563237073,14.888931040
49.563234929,14.887312705
49.562355855,14.886789194
49.560895121,14.886994407
49.560165735,14.887898219
49.558276442,14.893588542
49.556647045,14.895449512
49.554122690,14.892968329
49.553334820,14.891175628
49.552932411,14.893898394
49.551866453,14.895995635
49.547077045,14.901801301
49.544634106,14.902399361
49.544048803,14.903349603
49.543168957,14.907232465
49.543244051,14.911198880
49.544365267,14.912042698
49.546352892,14.913413639
49.546157456,14.916140041
49.545158862,14.922395176
49.546357468,14.924970928
49.547755913,14.925274080
49.549344318,14.925116284