#Plzensky
49.898355597,12.546865557
49.905278914,12.550490638
49.904327069,12.555029033
49.901729327,12.563834685
49.902955622,12.573492500
49.903765505,12.579891763
49.903292661,12.583373911
49.901782215,12.585977694
49.898527103,12.589590581
49.893879790,12.592695725
49.892747158,12.594313407
49.896010834,12.596072225
49.899379585,12.599612728
49.899364587,12.602815541
49.897388512,12.608722639
49.897707665,12.610326212
49.898862228,12.611433372
49.904826863,12.609073186
49.909568879,12.613206384
49.909278773,12.618953609
49.911169783,12.619962185
49.911381962,12.623464744
49.913993380,12.624047102
49.914245772,12.631675531
49.916026997,12.643910932
49.915962768,12.646793066
49.915197428,12.651783455
49.913919860,12.656777014
49.911048406,12.664253542
49.909963299,12.665723956
49.905048408,12.668279289
49.899557054,12.669040682
49.897858401,12.669730482
49.894375622,12.673098587
49.892742763,12.671447046
49.891713836,12.670545711
49.890522772,12.673232092
49.889862562,12.678254209
49.890412870,12.681361169
49.891183572,12.681960557
49.897693811,12.682032501
49.900665313,12.681360882
49.902968619,12.680213520
49.903696365,12.676639922
49.903967125,12.675117325
49.904618070,12.674011271
49.906857116,12.671735770
49.908344522,12.671692084
49.908649501,12.672246788
49.908546423,12.676846059
49.910827912,12.684856306
49.911871511,12.689959848
49.912082367,12.696181648
49.911594253,12.703741323
49.911022774,12.707176838
49.911592922,12.707842689
49.911502367,12.711202076
49.911873237,12.712552120
49.913105137,12.713408310
49.915760728,12.713660137
49.918346640,12.712391689
49.919898641,12.710646645
49.921563354,12.707913892
49.924985754,12.702818136
49.925924536,12.703963449
49.926467298,12.706521743
49.926132371,12.710339981
49.924405154,12.716678557
49.921877741,12.721978883
49.921837060,12.727384419
49.922590771,12.730161366
49.925511592,12.735715818
49.927407230,12.738403268
49.933347680,12.743175923
49.932252733,12.744472545
49.931948878,12.747076176
49.930451882,12.751523944
49.930974253,12.752171369
49.932096039,12.760102839
49.934600946,12.760990036
49.935417664,12.764834695
49.932934291,12.766179327
49.930430449,12.773224983
49.933625064,12.779377078
49.935274547,12.785383938
49.936046377,12.785010606
49.936230551,12.787058491
49.938164234,12.789912863
49.938247659,12.788251434
49.939314105,12.788262207
49.939269975,12.789334087
49.940453827,12.789335538
49.940621744,12.792550182
49.937943120,12.799682215
49.939743875,12.809995007
49.938649900,12.810865223
49.937461038,12.814437788
49.936356987,12.814318619
49.933437036,12.812232229
49.933814245,12.813485643
49.935499237,12.816694677
49.932839664,12.816773868
49.930867045,12.819191080
49.930053558,12.820751826
49.931760360,12.823091791
49.933501460,12.822935224
49.932979076,12.828121059
49.931494670,12.830329754
49.931618908,12.832172414
49.933562310,12.836086298
49.934126945,12.839281276
49.931049420,12.844682320
49.930077297,12.848866904
49.926832267,12.849271952
49.923244112,12.850059062
49.922753255,12.850923991
49.922734417,12.853788104
49.926212523,12.861360324
49.926737523,12.864134028
49.926495746,12.868231551
49.925408054,12.875139187
49.924735879,12.876219681
49.929979131,12.881456965
49.932257178,12.885211160
49.934057585,12.888658510
49.933390390,12.897084239
49.931799115,12.904668718
49.928390653,12.905699505
49.925307610,12.913032252
49.924017327,12.916619746
49.920971511,12.921736768
49.920639898,12.927584388
49.926903586,12.925096241
49.925577546,12.935922676
49.926415844,12.936377473
49.927973779,12.934694841
49.928228236,12.939065823
49.929999091,12.942329970
49.933295098,12.945108651
49.934870086,12.950295384
49.938572907,12.952959929
49.937097669,12.957246586
49.939622448,12.958622684
49.941232936,12.960674935
49.943085531,12.964840250
49.946165884,12.965057247
49.948573243,12.962146274
49.949339765,12.958943186
49.950417360,12.957904087
49.950617695,12.961843066
49.951658044,12.963033519
49.952831349,12.958459816
49.953106971,12.960185517
49.954000143,12.962793069
49.953147178,12.967385874
49.957431468,12.965477887
49.956967071,12.966908991
49.957810976,12.967062716
49.958554517,12.964616731
49.959465294,12.965070132
49.961045340,12.962436629
49.964612527,12.959921338
49.967240428,12.956046266
49.969364234,12.956970789
49.973495008,12.957133862
49.975783811,12.959950422
49.976082819,12.962444682
49.977684149,12.974267879
49.976492965,12.986120461
49.977676874,12.986217076
49.977520235,12.988801373
49.981883258,12.990720100
49.979951742,12.995460467
49.977705222,12.997002819
49.977682455,13.000461907
49.981508574,12.999957689
49.986579321,12.999970328
49.988671394,12.998699801
49.989515718,13.006050784
49.990725260,13.011528682
49.985970146,13.016885130
49.988227199,13.017605140
49.991096613,13.021952487
49.993181513,13.021780100
49.993453760,13.024654531
49.996160059,13.024867663
49.996086919,13.031712868
49.998570954,13.038561018
50.003398481,13.036888768
50.002796313,13.044542381
50.003786932,13.049855177
50.006179104,13.050474980
50.010183353,13.054088602
50.010075187,13.059701184
50.009232909,13.067335725
50.012234819,13.072843015
50.011828761,13.074415606
50.014309525,13.074833081
50.013481267,13.070307086
50.015115968,13.066655892
50.019383920,13.069550782
50.018302854,13.074998723
50.019395880,13.083883098
50.021761495,13.084514004
50.024332470,13.080757604
50.027991153,13.082937181
50.027370440,13.084186380
50.029940531,13.089301006
50.031430859,13.089280916
50.031771320,13.090406377
50.035419001,13.097467887
50.030972884,13.098682554
50.032064560,13.100676075
50.026837769,13.101546477
50.024474681,13.107473290
50.027493027,13.110806619
50.022796437,13.119240754
50.027107689,13.126223234
50.024126676,13.129167765
50.025485636,13.131292061
50.025063780,13.136900423
50.024098083,13.138799538
50.024656108,13.142289126
50.025995897,13.142585161
50.026472952,13.146722885
50.027499274,13.146704679
50.027448561,13.149294453
50.025536360,13.149006024
50.025475412,13.145754017
50.024621278,13.148589265
50.024303455,13.155612653
50.022810831,13.158160486
50.025423688,13.158450284
50.025472043,13.160941208
50.023689041,13.160396737
50.019891132,13.163184813
50.021459637,13.164224294
50.018544507,13.170574269
50.019036957,13.172593865
50.017121101,13.174093027
50.017707933,13.176056045
50.016284249,13.178477523
50.010670086,13.179931718
50.009805231,13.183305729
50.012285511,13.182266194
50.017652625,13.182259473
50.017858776,13.185700438
50.014338722,13.184429477
50.010606033,13.187327803
50.007695753,13.195199468
50.003095491,13.200993141
50.000765564,13.204762053
49.999136211,13.208294863
49.997227036,13.215430106
49.995883591,13.223540927
49.995429813,13.227103696
49.995453596,13.230025076
49.995717896,13.231384336
49.997280914,13.234487577
49.998784496,13.235909400
50.000466174,13.235667155
50.003576012,13.231510720
50.004432018,13.230938412
50.012258338,13.229207096
50.014516129,13.229425254
50.017224845,13.230204588
50.021187279,13.232870025
50.022900138,13.235171434
50.023802340,13.239594440
50.025103994,13.242357747
50.027865966,13.240118489
50.032927328,13.238317142
50.037416524,13.234505186
50.038044770,13.238918662
50.041382554,13.234686422
50.041325217,13.230343874
50.042204222,13.228198608
50.045704108,13.229642086
50.045679437,13.232881566
50.046839077,13.233935243
50.049245232,13.230033290
50.049183342,13.236295307
50.047532306,13.240751180
50.046990867,13.244838752
50.047732806,13.247648069
50.050330480,13.247240081
50.050838754,13.248699667
50.044934225,13.248599768
50.046630566,13.255817578
50.050215630,13.254723925
50.051723687,13.258568660
50.051288514,13.265856183
50.052158232,13.265636251
50.053470189,13.271092054
50.052892895,13.280727427
50.054025292,13.281141752
50.059488123,13.277598032
50.061571653,13.275851533
50.061747667,13.277543382
50.061175133,13.278293768
50.057332591,13.280775209
50.057213390,13.281832714
50.057769145,13.283778806
50.060133914,13.291500874
50.061141777,13.292895328
50.064206906,13.294093991
50.068278245,13.296089451
50.070094105,13.299104589
50.072610233,13.298146245
50.074631004,13.297976875
50.075147748,13.293710124
50.076968508,13.292710392
50.076289926,13.290346035
50.076522549,13.287906291
50.075369304,13.285283029
50.075021831,13.283569516
50.076410822,13.278848856
50.077423759,13.276840819
50.078523225,13.276170656
50.080021728,13.277430428
50.084983583,13.284180136
50.085766759,13.284333875
50.086743747,13.283356284
50.091509954,13.287981431
50.093725051,13.289682733
50.095104738,13.289553585
50.096179245,13.288834291
50.096797570,13.285055794
50.097128636,13.282959325
50.098775589,13.281973553
50.099427842,13.282199697
50.100057516,13.284493755
50.099918819,13.288394475
50.099311744,13.290440348
50.097998511,13.291331044
50.097008577,13.292453313
50.096675792,13.295910495
50.097602251,13.300241809
50.098796846,13.301014906
50.099566665,13.301071429
50.100703836,13.304587968
50.100293724,13.314203391
50.101021992,13.318469147
50.100419680,13.322060916
50.103188969,13.322475606
50.103329324,13.325017367
50.101426422,13.325894534
50.095284193,13.326449304
50.093446080,13.325838432
50.089729852,13.323808702
50.087760162,13.324665584
50.087311870,13.325974639
50.087561886,13.331448501
50.086807135,13.334416397
50.087291595,13.335617249
50.091467266,13.338439509
50.091894544,13.341684538
50.093724101,13.342081766
50.096876823,13.342223658
50.098720791,13.344613285
50.100005885,13.345940634
50.100116123,13.348830060
50.103226313,13.355515889
50.101792237,13.358147204
50.100764192,13.356285038
50.100427226,13.353493082
50.098842659,13.353378825
50.097689931,13.358512352
50.091634142,13.358431816
50.091332588,13.359532257
50.092149074,13.362020903
50.090637865,13.366467710
50.089899896,13.366082316
50.090591886,13.370740553
50.079776355,13.369322051
50.078694926,13.372213148
50.078867250,13.374998921
50.077486922,13.377252339
50.078546674,13.378418259
50.078837271,13.379996076
50.081065147,13.386418000
50.081013670,13.391479684
50.080323785,13.394474394
50.082818112,13.395712527
50.083255444,13.397678536
50.083145073,13.399343952
50.084301269,13.399263796
50.086119435,13.404014039
50.090472011,13.404912750
50.089127446,13.407912073
50.088544192,13.408832409
50.081485967,13.407230503
50.079005228,13.409862045
50.083461558,13.414907244
50.076660917,13.419683279
50.076618282,13.425878112
50.072049126,13.427142351
50.070578175,13.428940284
50.064893052,13.430791022
50.061157790,13.430625552
50.060518545,13.423964381
50.061912964,13.414193532
50.057979652,13.414330174
50.052714570,13.409667171
50.049290825,13.411672774
50.047201702,13.406662058
50.043617657,13.400872410
50.041608742,13.402837701
50.040357549,13.401012643
50.037836193,13.399777460
50.037504349,13.397589386
50.032824307,13.397716701
50.031558026,13.400301773
50.033253580,13.405468152
50.034837713,13.422274613
50.032688249,13.423266411
50.032662225,13.421785968
50.028578019,13.423639967
50.027824616,13.434392338
50.029524119,13.434102409
50.033361247,13.436622895
50.034403799,13.440983474
50.038186637,13.444257256
50.040909417,13.444765512
50.040885384,13.447137502
50.040355263,13.456468566
50.039748435,13.465016692
50.042645016,13.471536843
50.040000058,13.473328481
50.040877812,13.480226148
50.039315226,13.480239678
50.036289696,13.476979655
50.035214827,13.477428455
50.034000586,13.480097797
50.032836957,13.486011645
50.033828120,13.491927658
50.035614264,13.493190676
50.038704068,13.497026667
50.039457655,13.499365149
50.040938325,13.513646840
50.040728437,13.519757580
50.032722583,13.523659089
50.033517804,13.526623048
50.031384092,13.537113365
50.029088218,13.536308928
50.030417446,13.531332689
50.030533575,13.519255332
50.031123733,13.508426395
50.028489639,13.506196156
50.028634799,13.503466593
50.024931582,13.503250038
50.022106806,13.501963728
50.020782332,13.504813913
50.020241013,13.512661713
50.019693097,13.516023510
50.013221412,13.520557465
50.014738310,13.534669209
50.013238968,13.537315824
50.013330869,13.541191204
50.010982622,13.544652471
50.009590266,13.552940450
50.006066171,13.557127608
50.005018034,13.554834430
50.002750393,13.560646652
50.001043000,13.563308829
49.999699445,13.561723135
49.998091909,13.567406836
49.995164597,13.568067745
49.994381980,13.572122749
49.993636161,13.584790681
49.992967227,13.598652813
49.991552766,13.605039643
49.993235927,13.612925442
49.993230381,13.619319800
49.994951370,13.625522297
49.995089636,13.630006850
49.995635034,13.632667562
49.998600694,13.630507080
50.000586969,13.631981740
49.998638987,13.636990548
49.999207264,13.642080132
50.001826597,13.643618382
50.002942547,13.645880425
50.001876608,13.648614503
50.002183958,13.654785375
49.997288173,13.659773469
49.996217851,13.666753309
49.991030522,13.667733343
49.986345318,13.670357276
49.982338170,13.672085222
49.981866900,13.675246327
49.978889559,13.677902837
49.977381006,13.679962779
49.976513606,13.683642592
49.978368477,13.687850525
49.978215806,13.691150671
49.977699871,13.692571345
49.974931057,13.694133560
49.972435514,13.697437400
49.970751831,13.698926647
49.961837531,13.699707739
49.962788385,13.701582609
49.961860402,13.702337110
49.962953827,13.704503438
49.965500911,13.709369964
49.967260773,13.723786376
49.967416018,13.726859157
49.963480539,13.739314587
49.965726606,13.748155116
49.964747941,13.749720445
49.959554377,13.750056840
49.958293661,13.753442643
49.952393224,13.750056201
49.951090934,13.752042534
49.948998152,13.750383382
49.943891802,13.750872967
49.941752921,13.749399205
49.942246986,13.746460630
49.943824891,13.743931568
49.942346572,13.742333110
49.942375671,13.743982520
49.940555034,13.743182980
49.938463241,13.752662122
49.941903868,13.757999640
49.942297501,13.762351466
49.940451653,13.766566929
49.939922217,13.781349010
49.939302628,13.786624435
49.934174866,13.793143194
49.932332883,13.798854890
49.927324945,13.809928619
49.926393443,13.812772714
49.927389634,13.822967640
49.927667331,13.832198859
49.925547012,13.828010067
49.924145381,13.821418702
49.920473952,13.818903896
49.919111990,13.821713680
49.916382713,13.820713006
49.913193113,13.822447713
49.910976068,13.818877559
49.908509086,13.819022364
49.904860447,13.820610105
49.904715926,13.823803980
49.901585864,13.825302346
49.897337526,13.823512233
49.892923241,13.827294556
49.883812906,13.827619327
49.877134207,13.829354359
49.867582672,13.835127002
49.866008023,13.829692950
49.868752863,13.828832501
49.867680047,13.826799759
49.868396262,13.824178126
49.868516323,13.820341277
49.867143215,13.819366128
49.867214305,13.817613936
49.866259040,13.817119559
49.867829559,13.815369198
49.866345612,13.815435589
49.866242122,13.812796402
49.868047374,13.809970844
49.859627055,13.811159180
49.858919570,13.807994695
49.855499291,13.811133754
49.854029979,13.813570718
49.852383207,13.811044423
49.846738372,13.806402341
49.847297351,13.803660965
49.845906477,13.800768359
49.844932118,13.798438021
49.842989616,13.799422075
49.843844005,13.801733061
49.837309895,13.806536997
49.830716306,13.797628405
49.822715501,13.800082848
49.821399213,13.804135695
49.820635714,13.807307970
49.818927371,13.808206778
49.813806145,13.805331876
49.813128933,13.805565263
49.813015734,13.808695597
49.811480225,13.808216275
49.809000297,13.801204530
49.805289406,13.803840003
49.804055831,13.804172278
49.803215777,13.801437686
49.803295639,13.793848731
49.802476891,13.789580554
49.801700156,13.789065166
49.798264019,13.789532573
49.794493699,13.792517926
49.790173449,13.791361263
49.789124056,13.791950601
49.788729256,13.794020201
49.786638319,13.797852239
49.785346992,13.799051650
49.782755820,13.799908636
49.781126832,13.799530905
49.780157071,13.798213054
49.778506049,13.797473894
49.774359964,13.797304537
49.770522107,13.796119127
49.769555422,13.794883094
49.768429570,13.791149833
49.766916962,13.788035770
49.766093806,13.782800640
49.764762821,13.782107596
49.762341778,13.782850476
49.761427334,13.782655235
49.761107973,13.781586884
49.759906399,13.781706495
49.759326481,13.782349801
49.759205961,13.785427462
49.760397327,13.789912121
49.761416232,13.791362151
49.762564149,13.791681040
49.764779982,13.795086276
49.765351889,13.796843027
49.765390114,13.798924916
49.764589008,13.802033166
49.761461743,13.804996690
49.760757181,13.812441263
49.758799914,13.814689992
49.755601015,13.816918158
49.754662333,13.816792863
49.752049344,13.811451460
49.750345971,13.810638813
49.751001492,13.808826470
49.749814848,13.808577690
49.747397291,13.803482019
49.746592426,13.797282758
49.745684694,13.796333328
49.746292905,13.793352211
49.745118411,13.793999971
49.744312902,13.791731845
49.743620180,13.792477075
49.742380527,13.783615432
49.741673939,13.780284755
49.736262011,13.778412344
49.736585282,13.776551643
49.734890587,13.773057705
49.733285090,13.773184908
49.728003996,13.772692911
49.726136335,13.769293459
49.724018871,13.769962592
49.723936707,13.767757951
49.722205681,13.766563810
49.718998808,13.767435758
49.719667726,13.765389553
49.719066374,13.762312916
49.719196713,13.758426091
49.723771151,13.751771517
49.723264308,13.751315704
49.725388658,13.746612418
49.726124752,13.747662563
49.728487265,13.745176037
49.724968667,13.745255200
49.727344055,13.743954530
49.727338232,13.742461384
49.728684957,13.743147466
49.731638284,13.741903510
49.732068297,13.745752908
49.732661903,13.745305784
49.732174976,13.737327471
49.725390818,13.715963754
49.721759000,13.705974082
49.716941408,13.695699409
49.716049411,13.696446201
49.711463225,13.693824125
49.709922887,13.691974085
49.704054149,13.687444384
49.700737848,13.681003322
49.700820583,13.676839305
49.695774506,13.672840701
49.691602924,13.675214710
49.689084412,13.673405272
49.686400736,13.672053931
49.685009826,13.675937523
49.683201118,13.676601601
49.683913584,13.672941382
49.676824181,13.675692133
49.675727567,13.681982717
49.678776129,13.682021438
49.679604301,13.685257702
49.681356130,13.685233094
49.683299875,13.686642676
49.683525181,13.691368200
49.684321956,13.692000876
49.683113500,13.695802880
49.685721887,13.701691646
49.685081057,13.705730134
49.682820641,13.701671444
49.681957039,13.702049749
49.684189971,13.708292846
49.683625065,13.712462315
49.681991673,13.712869465
49.680598033,13.717688884
49.681085105,13.719553328
49.680791509,13.721047186
49.679802589,13.720494106
49.678777661,13.721562700
49.678673311,13.727229303
49.675961170,13.724047207
49.676086416,13.722122523
49.675110485,13.722181344
49.673932902,13.719272106
49.672051669,13.716228523
49.674040749,13.712315320
49.671569058,13.704905029
49.668184500,13.699927959
49.669356371,13.699257031
49.668796657,13.697017570
49.670379581,13.697412690
49.669549039,13.696142204
49.667194525,13.695757239
49.668570672,13.691050126
49.670038854,13.691765229
49.670233935,13.689816295
49.671245224,13.690315971
49.672104137,13.688940054
49.668786351,13.687039384
49.667043343,13.689907407
49.662340719,13.685885406
49.660206087,13.687701018
49.659274869,13.692401525
49.657994034,13.692124202
49.658797178,13.695765302
49.657319525,13.696659647
49.658849869,13.699638554
49.658757729,13.704089292
49.653626525,13.710115996
49.651155146,13.710028566
49.650399400,13.711914778
49.646618729,13.714768233
49.645822835,13.717661232
49.643362959,13.714841634
49.642837143,13.708108505
49.641229739,13.706697149
49.640372968,13.696323641
49.644066118,13.686869841
49.645004606,13.680637700
49.645184756,13.674652024
49.643801986,13.678523365
49.642656083,13.679371417
49.639740940,13.680225344
49.638458540,13.681660441
49.638531629,13.683273460
49.639786696,13.686980457
49.637835330,13.692035333
49.638398371,13.694591661
49.637758471,13.699297890
49.635622627,13.699677827
49.635171133,13.708443886
49.635164331,13.712838027
49.631302772,13.709619321
49.631814886,13.705568419
49.630517786,13.705595436
49.628820354,13.706947358
49.627846878,13.708729067
49.625791050,13.716513072
49.625684593,13.718328105
49.626040976,13.720457798
49.628529867,13.722725812
49.628797604,13.724861825
49.628297732,13.727240272
49.626360074,13.731978177
49.624905439,13.732693340
49.622533710,13.733403566
49.622169054,13.736478349
49.621995539,13.739761676
49.620933411,13.741869320
49.621193605,13.743841314
49.622165495,13.748021511
49.621539940,13.749808973
49.619405845,13.753010636
49.617726284,13.753904116
49.614963969,13.753633316
49.613916366,13.753101840
49.610576879,13.748387501
49.609333468,13.747850857
49.605648314,13.748071445
49.604521143,13.749497858
49.597310639,13.749839586
49.595234951,13.750754210
49.592492490,13.747346964
49.589622742,13.744130992
49.584851420,13.738134134
49.583842104,13.737679428
49.579323777,13.739254466
49.574237605,13.741856822
49.572036682,13.741312229
49.568147822,13.739280241
49.564954364,13.739909258
49.561310102,13.737817720
49.561195196,13.741846521
49.557636929,13.744745395
49.555354792,13.744182187
49.547598728,13.739747397
49.544628066,13.736146942
49.544143582,13.738208892
49.544782945,13.739503267
49.548130920,13.741413997
49.549797185,13.743162166
49.551069749,13.746362533
49.551354148,13.748616092
49.551037280,13.750842293
49.550126920,13.753562454
49.548094964,13.756839209
49.544891374,13.765269240
49.539346430,13.763634164
49.537102784,13.770506977
49.533842777,13.771581317
49.529608252,13.771441580
49.523268965,13.769892221
49.520205847,13.768473612
49.519912304,13.766539348
49.517835400,13.766773653
49.513222809,13.766053013
49.513700724,13.762775768
49.513326439,13.760521676
49.512681632,13.759144651
49.509748511,13.758882588
49.508994513,13.757172483
49.507844774,13.757409076
49.507016776,13.753782872
49.504789922,13.752610979
49.503936252,13.752739404
49.503209090,13.757208975
49.502527515,13.758637065
49.501214504,13.758876859
49.496592909,13.757397411
49.497450838,13.752013787
49.495394601,13.751798870
49.494361410,13.749641605
49.493599231,13.747562873
49.491455663,13.750427356
49.489615463,13.747909422
49.488934943,13.748491030
49.485976266,13.748342893
49.484782999,13.749169683
49.483125660,13.753242775
49.482500633,13.756762704
49.483547333,13.757825732
49.482138625,13.757824760
49.482525195,13.759302775
49.484060152,13.758817855
49.484662967,13.761197489
49.484385247,13.766825335
49.483685579,13.768695516
49.481500248,13.768840945
49.480868989,13.764798535
49.481409474,13.759039160
49.480647036,13.760856586
49.476868337,13.759924303
49.480382951,13.762849165
49.477167822,13.764106527
49.475588059,13.760506623
49.475020363,13.761128038
49.475856666,13.765031788
49.475268057,13.765910278
49.473546071,13.765388214
49.472871045,13.764124528
49.471098209,13.763450829
49.468841891,13.763043484
49.467876532,13.765876500
49.467242188,13.765038859
49.466066820,13.765958475
49.464689809,13.764671547
49.464697666,13.762185094
49.463613891,13.761048043
49.461702276,13.760521010
49.460298630,13.760752575
49.460296143,13.762058109
49.459577270,13.762048277
49.459571818,13.763988807
49.458442950,13.764347744
49.457512901,13.764030667
49.457708632,13.761894080
49.455986071,13.763173617
49.455236048,13.765215847
49.453873777,13.765225128
49.452111768,13.763047916
49.450007149,13.766866938
49.448891666,13.768818974
49.447306967,13.769258636
49.447935111,13.771173411
49.445073744,13.772804263
49.444268995,13.770943190
49.443496600,13.773608601
49.440258669,13.777101916
49.441221924,13.777101707
49.441224892,13.778370625
49.439319346,13.779447688
49.439323962,13.776734783
49.437238019,13.777825881
49.435795282,13.780705268
49.435581773,13.785792915
49.435447757,13.789065797
49.434406353,13.789389834
49.434522117,13.784695994
49.433762902,13.784262930
49.434467880,13.779911304
49.434284761,13.778208573
49.431452753,13.774210558
49.429792669,13.772658319
49.428275458,13.774375469
49.428204443,13.772394875
49.427130664,13.772665195
49.425567231,13.769522054
49.422424786,13.767164217
49.422100950,13.764631847
49.420474882,13.766349767
49.418144699,13.762223282
49.416128111,13.761615414
49.412429928,13.762096028
49.410531627,13.763199438
49.410451228,13.765019745
49.408306166,13.764065565
49.404823786,13.762072896
49.403855371,13.760858042
49.403660647,13.758347771
49.401644569,13.758647549
49.401611323,13.761814671
49.400825991,13.760065217
49.399012441,13.758017678
49.399213824,13.760597230
49.397991830,13.759603198
49.397279072,13.761462037
49.392825283,13.764018763
49.391516999,13.763357408
49.390217676,13.764499755
49.389655103,13.762988841
49.388169935,13.762758462
49.386416315,13.765706642
49.386388080,13.767501801
49.385480942,13.767518832
49.384315079,13.770912480
49.381677746,13.774599722
49.381713947,13.772791841
49.380394937,13.770591987
49.379613713,13.770785319
49.379347636,13.773990614
49.377907155,13.773942002
49.378263856,13.770829213
49.377128420,13.769504185
49.376079393,13.771078389
49.375912009,13.773509768
49.376743297,13.773745074
49.376399440,13.776327368
49.375120820,13.777687022
49.375013662,13.780274594
49.373676842,13.781501008
49.375065908,13.783675375
49.373500339,13.783934227
49.372120427,13.787183822
49.369038292,13.789927852
49.367295180,13.788041592
49.365104768,13.787847401
49.365099859,13.788937979
49.362185010,13.789341408
49.363984751,13.786681716
49.361159042,13.785259396
49.361154157,13.783020474
49.355722505,13.778293767
49.354551293,13.781252181
49.359035140,13.783668945
49.358694900,13.785148903
49.356544505,13.783947044
49.355218558,13.785572488
49.354817241,13.783940114
49.354264507,13.784717704
49.353304889,13.783994960
49.351632131,13.788077997
49.349861872,13.776211156
49.348267519,13.775313710
49.343311238,13.770906684
49.340857524,13.770526189
49.337535131,13.769140265
49.337706232,13.770548226
49.334560637,13.771389431
49.334432285,13.766915451
49.332185951,13.766802992
49.331572035,13.768838663
49.329558768,13.769926687
49.324522641,13.770099967
49.322911133,13.768075336
49.324391086,13.757246718
49.323015077,13.750288245
49.318418967,13.747092256
49.319012076,13.745128179
49.317660391,13.741839466
49.316738060,13.738953517
49.314476077,13.735462359
49.309068367,13.733662707
49.310795235,13.724303343
49.307702817,13.723333783
49.304159101,13.725515201
49.300443716,13.726667571
49.299183538,13.721125255
49.297493332,13.721977963
49.294171777,13.724011796
49.292245544,13.726568120
49.293240919,13.729452719
49.291873742,13.733476865
49.290729193,13.734901138
49.286267136,13.734052816
49.284277636,13.730847329
49.281043958,13.730581984
49.277820713,13.726078984
49.278348589,13.720137143
49.280844927,13.715763741
49.279196295,13.713084040
49.279461181,13.711682482
49.278536910,13.707843875
49.280178192,13.699508525
49.278256237,13.698239824
49.276657880,13.703248022
49.269024041,13.702312912
49.266409558,13.704418301
49.261662719,13.705079672
49.258654567,13.706409313
49.257783239,13.707611333
49.258631449,13.709056212
49.256888352,13.714451349
49.257915821,13.723515233
49.257175091,13.727716706
49.258803157,13.728863120
49.259548356,13.731318746
49.258975508,13.732544524
49.256772139,13.733772972
49.256332057,13.733596046
49.256615017,13.730320368
49.256419044,13.728548839
49.254465488,13.727420064
49.252191013,13.722721999
49.250310027,13.719563909
49.248476543,13.719588664
49.247692729,13.721452949
49.246175050,13.724399210
49.244423906,13.726326096
49.243829454,13.726164761
49.242738776,13.723804243
49.242304055,13.721686879
49.242331632,13.716462654
49.243029432,13.713897105
49.244329634,13.713431227
49.245964605,13.710045298
49.246459684,13.708186375
49.245224412,13.707911771
49.245059993,13.705641541
49.242386067,13.705433931
49.241893231,13.709464901
49.240678528,13.708461081
49.236988791,13.710138292
49.236199589,13.709704477
49.236188818,13.707875532
49.237492397,13.704676117
49.237837307,13.703033155
49.237801061,13.701056434
49.238144006,13.699524573
49.235839762,13.695526189
49.231931993,13.691385385
49.231283844,13.694931657
49.229435708,13.694429088
49.229521020,13.689949431
49.225607249,13.688857736
49.225001495,13.691712696
49.224081842,13.692730216
49.224241791,13.690340707
49.222749793,13.690890463
49.219595181,13.692387666
49.221723871,13.695041482
49.221476427,13.696337688
49.216881622,13.696662946
49.214282901,13.696952331
49.213033491,13.698160089
49.211998397,13.701300241
49.211232247,13.707434412
49.211774870,13.709007660
49.209085105,13.710613841
49.208395523,13.714017570
49.202442957,13.714021932
49.198484536,13.715666976
49.195988135,13.718995694
49.192930348,13.715938050
49.191954645,13.712795806
49.192855351,13.707626202
49.193466871,13.703322933
49.191173992,13.696899322
49.188609835,13.696229517
49.187457339,13.692957051
49.185109387,13.690857829
49.176854740,13.692153775
49.172080145,13.693865571
49.169318104,13.694201220
49.168060977,13.692104058
49.167387627,13.687774373
49.166614697,13.685704287
49.164583702,13.687047935
49.163504388,13.688878227
49.164613822,13.689072125
49.165206899,13.691444580
49.164029649,13.692428707
49.165000226,13.695886039
49.163578478,13.697067768
49.162090277,13.692675022
49.158532349,13.690564959
49.162382861,13.688089723
49.161828995,13.686592822
49.164227536,13.682263748
49.161421903,13.678820742
49.162264915,13.675044048
49.159200042,13.669398194
49.159072188,13.666990583
49.159338644,13.659112639
49.158529683,13.658564960
49.156123602,13.659667797
49.154825370,13.659717730
49.153498042,13.655032537
49.151057984,13.655084252
49.149059744,13.651822968
49.148950243,13.649715686
49.149052391,13.645291257
49.147586812,13.644245800
49.144952890,13.643326707
49.141653127,13.639500526
49.137843413,13.633178071
49.136407763,13.628648947
49.137034681,13.627718955
49.141174567,13.625045239
49.141796384,13.620229830
49.141775405,13.616655753
49.143955471,13.611043761
49.143917641,13.608418278
49.145389480,13.604588759
49.146037694,13.605702566
49.146954045,13.608327508
49.147605059,13.608306170
49.148347740,13.607611224
49.148169893,13.604448689
49.147326030,13.599467420
49.148321249,13.592434799
49.147970596,13.590730129
49.146811858,13.588335991
49.146396177,13.587988220
49.145207814,13.589590632
49.144229034,13.592326870
49.143510303,13.596545018
49.142735298,13.598442441
49.141383420,13.599548780
49.139843752,13.600110948
49.139001163,13.600139878
49.138262517,13.598876653
49.137351659,13.595441675
49.135733911,13.593967473
49.131611816,13.591959911
49.130633016,13.593665591
49.129276455,13.592651001
49.126721802,13.590013426
49.126291760,13.591101384
49.122835666,13.590712183
49.121704247,13.593925871
49.115448858,13.595496536
49.110748651,13.597539595
49.108187609,13.595703801
49.105181608,13.579835257
49.098378599,13.582497787
49.093979691,13.587712259
49.091712112,13.594737665
49.087136058,13.597119823
49.082545872,13.593683966
49.079536732,13.595971272
49.070648062,13.605513489
49.066984533,13.607529578
49.064999860,13.607528773
49.059996587,13.604700196
49.055400447,13.602690153
49.053996380,13.601351523
49.048912869,13.591101278
49.045826915,13.588178312
49.045543277,13.585652387
49.044164441,13.584475439
49.045886823,13.582142538
49.048106309,13.579520335
49.048891370,13.574543262
49.051050604,13.571901388
49.050518267,13.569345898
49.048263143,13.569989031
49.043966364,13.564182155
49.042405466,13.563561561
49.037013286,13.556509900
49.034448581,13.555775797
49.030552589,13.555245235
49.029869655,13.552920060
49.026547576,13.553066432
49.024143094,13.549505516
49.022880949,13.549336116
49.021165490,13.547554031
49.017592028,13.543347415
49.014791002,13.545649590
49.011154742,13.543895615
49.009169709,13.543494057
49.004960529,13.546545527
48.999508844,13.542509943
48.997598074,13.538982883
48.990781567,13.539280513
48.986917328,13.536321201
48.984834923,13.537424430
48.981412312,13.543384621
48.979150523,13.552276335
48.977180097,13.551560638
48.973685338,13.550135878
48.969259030,13.552272707
48.967638534,13.552157104
48.967184741,13.546250824
48.973846542,13.534409688
48.973200621,13.526931902
48.968673505,13.516059382
48.969081626,13.507852001
48.956281500,13.506851975
48.950535159,13.508505830
48.942433218,13.508310523
48.941144451,13.496376813
48.948236919,13.484346092
48.950959347,13.483833838
48.954962801,13.467984155
48.960243989,13.461549028
48.962166298,13.459478468
48.963534118,13.451179505
48.964942194,13.449792339
48.966448163,13.441517447
48.971775453,13.431989677
48.972344635,13.426009455
48.976772789,13.424543990
48.981203894,13.413149831
48.987183753,13.402067131
48.994545966,13.402029761
49.003004494,13.408616393
49.007712078,13.406851847
49.010333292,13.401670165
49.015058959,13.399630901
49.021383034,13.401769394
49.022181325,13.404854338
49.024184768,13.404791333
49.029328918,13.401383119
49.036526096,13.398866251
49.039767098,13.394794118
49.041472613,13.391466981
49.042715025,13.391340953
49.044543107,13.397276035
49.050391666,13.397379206
49.054047970,13.392271912
49.052478036,13.387103656
49.057145898,13.383571717
49.056606010,13.377793220
49.060430707,13.374471444
49.063588507,13.373307262
49.067529534,13.369784727
49.069262133,13.366733542
49.069107057,13.363722880
49.072389371,13.360527332
49.075351398,13.356493182
49.078891224,13.353418428
49.082633703,13.346639590
49.087281059,13.345455956
49.090547628,13.339014116
49.093544753,13.335790111
49.096150315,13.326838133
49.099572162,13.324406300
49.101924788,13.318655639
49.103787774,13.315281748
49.106194247,13.308529770
49.109042907,13.303055114
49.115703424,13.293104668
49.119296252,13.286005524
49.120304564,13.280379572
49.119847595,13.271241359
49.118022783,13.258241692
49.113133404,13.238433874
49.113001057,13.235139087
49.114546134,13.225760027
49.116830991,13.216961493
49.119907926,13.208811692
49.122076599,13.204408012
49.130961222,13.189365243
49.135502624,13.180762471
49.144098186,13.169797693
49.160389394,13.175327209
49.165112092,13.176053708
49.173109086,13.170846614
49.174484451,13.161981116
49.181879960,13.148970955
49.189723431,13.139662453
49.190374981,13.136494527
49.196759528,13.127251449
49.197109224,13.122550704
49.201647697,13.111092701
49.204052416,13.109241843
49.208463387,13.111007398
49.215785955,13.113665879
49.218624537,13.112768743
49.223701380,13.097579880
49.227269121,13.088129018
49.229534680,13.085718549
49.234149416,13.087781884
49.244247234,13.084275687
49.247303978,13.080344217
49.245971494,13.072640081
49.247640214,13.068753538
49.249947231,13.066750987
49.251365052,13.058808881
49.256986530,13.055758850
49.261738832,13.057113413
49.264377945,13.053642647
49.264580374,13.049304469
49.263429460,13.047216851
49.264637057,13.039632026
49.264834696,13.033119885
49.278578795,13.025323250
49.287145767,13.029795406
49.293868538,13.031639843
49.298604115,13.032013842
49.301585111,13.031303902
49.302958762,13.030141831
49.303561904,13.028713386
49.304601611,13.019939824
49.305357975,13.008143833
49.305923270,13.006934830
49.307814614,13.005387212
49.310967439,13.003916426
49.314094733,12.999141894
49.317857612,12.992838370
49.324272760,12.986622210
49.327423890,12.982259476
49.332472526,12.973774599
49.334229173,12.970166862
49.336802520,12.962956954
49.336575622,12.958277316
49.338308420,12.955160766
49.342354376,12.949429566
49.343098420,12.946619508
49.343524667,12.943032813
49.341813933,12.938712276
49.342764143,12.934356421
49.344438426,12.928242547
49.343362666,12.918530434
49.344288510,12.914614732
49.347604168,12.907238476
49.348986857,12.901874359
49.348583111,12.895685300
49.350321543,12.885484477
49.349345179,12.879927520
49.348103384,12.879112676
49.345501562,12.879855444
49.342857903,12.882157487
49.338935209,12.886910153
49.332187254,12.888556968
49.331373018,12.887045811
49.331125395,12.882856523
49.332490541,12.875587340
49.334426267,12.869656528
49.338661931,12.857597330
49.337698785,12.853847097
49.340965893,12.849542365
49.344005891,12.846907272
49.344031595,12.844264705
49.341884808,12.842793680
49.341068597,12.840072061
49.340469510,12.836189957
49.340215903,12.825333272
49.340900804,12.810875977
49.341842175,12.806370971
49.341572070,12.801688107
49.342739585,12.794451481
49.346000968,12.782894036
49.346920875,12.780535568
49.348330044,12.778259658
49.349151682,12.777567204
49.352101707,12.777113903
49.355039242,12.777896868
49.358852834,12.781017592
49.359701531,12.780833649
49.362292917,12.778472753
49.363266217,12.776897128
49.363911855,12.774240394
49.364776012,12.768260883
49.368419957,12.762783152
49.372255231,12.758943414
49.375034367,12.757696489
49.377485591,12.758295972
49.382224216,12.760618524
49.387914182,12.760323615
49.392207260,12.758812521
49.394109292,12.757417959
49.397215507,12.754172842
49.402613503,12.746367638
49.409820570,12.732065302
49.410540692,12.730044228
49.411836570,12.720634896
49.412864993,12.716354014
49.414106799,12.714245187
49.415682103,12.713404618
49.418908866,12.712971225
49.421469847,12.711467415
49.424288650,12.708353208
49.425089308,12.706615840
49.426252780,12.701040809
49.425987941,12.693041956
49.425334849,12.684838251
49.425986060,12.677472189
49.428850741,12.666208842
49.431335395,12.659547947
49.434452353,12.655055754
49.435464880,12.654758417
49.439767545,12.657178769
49.448951299,12.655567055
49.450873309,12.657124254
49.453488950,12.657290152
49.458198583,12.656077413
49.462904077,12.653213254
49.467095467,12.648940299
49.468080906,12.647564466
49.469081965,12.642118289
49.471261926,12.640082745
49.475584567,12.637193782
49.475737507,12.635466018
49.475993597,12.632958812
49.480808098,12.636546411
49.483159790,12.638893205
49.485111323,12.642368642
49.487656224,12.643540616
49.492554813,12.643353523
49.494093365,12.642986777
49.495841413,12.642119956
49.500698672,12.639723660
49.508169490,12.642075500
49.513246628,12.643235547
49.518334704,12.642080577
49.522480849,12.644345477
49.525962461,12.641429632
49.532243764,12.636646623
49.531327307,12.631239395
49.527714503,12.629284489
49.526369828,12.621033429
49.529116525,12.619011031
49.528205367,12.614869386
49.530099911,12.612541295
49.531062413,12.605618794
49.532883157,12.600183612
49.538290238,12.587925115
49.538994869,12.588385586
49.540675512,12.593818428
49.541503112,12.594526878
49.544919320,12.588504725
49.551085332,12.582387352
49.555465460,12.580395269
49.556957942,12.578213005
49.559335111,12.574444304
49.564801463,12.574020773
49.569520375,12.571529256
49.573693100,12.572651499
49.578159461,12.574225920
49.580745975,12.574306486
49.582270043,12.575105910
49.585647840,12.576896493
49.587479862,12.575676345
49.592364447,12.570128399
49.596192840,12.564647554
49.603971878,12.562838602
49.609254853,12.562056222
49.613224105,12.557389763
49.616479747,12.557680046
49.618944278,12.561508902
49.620435083,12.557266064
49.620710165,12.545512249
49.617665748,12.536826772
49.618220325,12.529181273
49.621582735,12.526872376
49.622316403,12.528547188
49.625215318,12.534397609
49.626995974,12.533321283
49.626739414,12.525073424
49.629267367,12.523742580
49.633105043,12.522648360
49.637759400,12.528040966
49.640995239,12.527541778
49.643094024,12.518226480
49.646754977,12.517697981
49.649493833,12.520923778
49.653123118,12.525157611
49.655625885,12.523932015
49.659774028,12.522500714
49.667020601,12.529744416
49.669080764,12.528124896
49.678855687,12.521682503
49.680841965,12.522456517
49.685622826,12.521663734
49.687159018,12.515110218
49.686699050,12.513267351
49.685443245,12.508822548
49.684343163,12.504987352
49.685691904,12.501819959
49.684950977,12.496652730
49.687447328,12.485779925
49.693140037,12.483794729
49.695301514,12.477141942
49.700227629,12.461043171
49.701891512,12.456312543
49.701272874,12.454699356
49.701903306,12.447726900
49.702545380,12.445452533
49.705414380,12.442113521
49.705797464,12.440325970
49.710816387,12.435891583
49.714711056,12.433777821
49.717891233,12.432840001
49.721158598,12.428881929
49.726600226,12.428214527
49.728794837,12.426599127
49.730419874,12.424734777
49.731280916,12.422367333
49.731611953,12.414377942
49.732440008,12.412527971
49.734885575,12.412474295
49.738795216,12.407539643
49.743787553,12.404376908
49.748132756,12.405978834
49.751825628,12.402475618
49.754095093,12.400811071
49.756318072,12.400712018
49.760179265,12.402033583
49.762118531,12.403828084
49.767548799,12.411651279
49.771255563,12.419460108
49.774056803,12.427639576
49.781053060,12.454574227
49.783833204,12.462291555
49.786924285,12.468389634
49.785704803,12.471657317
49.790747682,12.473838131
49.794474514,12.465361943
49.796431152,12.465938972
49.800644211,12.470339239
49.803870063,12.467773013
49.808098324,12.466235799
49.809952069,12.464218874
49.812018131,12.465396230
49.814306895,12.471494793
49.824612956,12.475703445
49.828332956,12.474098174
49.832029858,12.472704174
49.836045812,12.475426932
49.841922399,12.482801724
49.841811968,12.488113030
49.839904216,12.489453665
49.838210493,12.494099753
49.838559787,12.495417100
49.838208617,12.498634943
49.845148260,12.498778879
49.851170358,12.497229264
49.855644395,12.497469785
49.857151351,12.498213712
49.858286778,12.501742295
49.858198474,12.508935048
49.858755308,12.510170805
49.860428868,12.512180961
49.864963384,12.516114506
49.866639778,12.516918802
49.876617456,12.518052427
49.879161932,12.519288488
49.881424294,12.521033493
49.886193116,12.526896697
49.889221220,12.532137537
49.891323620,12.538329176
49.894075037,12.542340681
49.898355597,12.546865557