#Label=Olomoucky 
49.273983475,17.163375330
49.274633220,17.160206083
49.276968797,17.162732143
49.278188519,17.162391767
49.279761626,17.161087954
49.279417149,17.159887465
49.277165357,17.156938792
49.278364033,17.157746731
49.279999362,17.159209874
49.281748216,17.156536715
49.283311403,17.155529357
49.288817722,17.153757771
49.294127741,17.150057817
49.295075990,17.148128919
49.294557788,17.147127327
49.293656387,17.145654680
49.294851880,17.144694816
49.299463517,17.143945779
49.303180266,17.143703676
49.309610665,17.141031239
49.315509732,17.136062334
49.316935323,17.140678022
49.319710286,17.139723890
49.320959039,17.141115421
49.323827449,17.139660081
49.326163289,17.139720836
49.326051355,17.136383511
49.324658335,17.127887549
49.329763431,17.122808899
49.332697766,17.120849642
49.334608027,17.120214789
49.335010771,17.117969899
49.336558557,17.116092355
49.337875264,17.117413796
49.338573721,17.109400661
49.342428951,17.098297483
49.342657161,17.095199338
49.340285052,17.092825191
49.340727647,17.089922951
49.343636046,17.083521338
49.344881850,17.078624688
49.344047368,17.074506327
49.345056458,17.072149318
49.346463538,17.072919014
49.347037512,17.071530547
49.347481107,17.065135608
49.348375938,17.063363493
49.351590141,17.061816843
49.352666656,17.062101131
49.353950419,17.059139381
49.354923661,17.053422761
49.354996204,17.048651144
49.354354763,17.046626101
49.354737834,17.045268771
49.357153752,17.041904027
49.358905742,17.040602337
49.359579002,17.042210874
49.361232894,17.049323274
49.364647606,17.049833771
49.365472970,17.051365453
49.366038715,17.049190234
49.366607037,17.045741639
49.368013042,17.045039024
49.370040976,17.044836276
49.371482123,17.045650902
49.371143475,17.047753954
49.376474860,17.051520760
49.379381442,17.056881826
49.383392691,17.054952935
49.386208726,17.057195712
49.387060437,17.056141701
49.388788931,17.059427152
49.389244311,17.058393575
49.390656524,17.060731682
49.391302067,17.060110076
49.392158785,17.061979872
49.394790458,17.062130887
49.396962373,17.061224651
49.402402536,17.054016416
49.407289598,17.053428650
49.408364844,17.051967655
49.409264612,17.048857889
49.409015751,17.048002430
49.405708507,17.049779696
49.401860696,17.046434894
49.399477777,17.046621276
49.400156639,17.042978935
49.399427275,17.040855083
49.398603816,17.041383073
49.398870706,17.042807941
49.397976315,17.043356704
49.398219666,17.044429311
49.396922127,17.044761453
49.396504469,17.043379653
49.395912736,17.045483286
49.395625404,17.043887199
49.394553701,17.044217184
49.394285456,17.046292199
49.391625075,17.046790674
49.389991313,17.045065028
49.391304324,17.044423096
49.389425200,17.043490666
49.388823558,17.044091753
49.388455339,17.043122417
49.390048833,17.038548033
49.390116772,17.037335063
49.388517793,17.033563225
49.387736793,17.033644228
49.387967143,17.031006215
49.389247570,17.030363266
49.392535152,17.030377784
49.394658414,17.032120409
49.394805654,17.028510393
49.395879162,17.028883324
49.397084759,17.027717600
49.397225888,17.025098596
49.399504417,17.024567468
49.399386024,17.023203795
49.400206737,17.022365657
49.399822999,17.021629560
49.400640170,17.020873663
49.401709304,17.022489427
49.403014855,17.025020071
49.403922228,17.024801308
49.404394526,17.023150384
49.403316134,17.015194018
49.403599042,17.012821858
49.405222397,17.013844930
49.405410744,17.012204262
49.406710812,17.012449840
49.406295038,17.015553154
49.406985526,17.015996716
49.409570178,17.015325980
49.409478478,17.014092211
49.411475771,17.015030280
49.411386961,17.013300035
49.416769607,17.015656129
49.418144348,17.015262431
49.418166521,17.012624931
49.419908471,17.008943377
49.421009074,17.008370937
49.420265980,17.003221077
49.419403557,17.002896985
49.420466285,16.999470337
49.420141588,16.995710929
49.421570556,16.992356486
49.424570818,16.989517254
49.425652617,16.985572731
49.426828589,16.986929405
49.427612750,16.989854509
49.427100881,16.991250554
49.429401674,16.992607139
49.434011182,16.992655605
49.436291491,16.991786065
49.438794560,16.990118992
49.439903794,16.988195714
49.441049250,16.988695391
49.444005155,16.985330834
49.447853874,16.984221886
49.448600512,16.985512520
49.447973355,16.986268855
49.448606177,16.987614943
49.449454937,16.986658594
49.450804653,16.986969367
49.450246604,16.985928925
49.452613578,16.987656835
49.454819912,16.986186283
49.454316262,16.985148256
49.456078831,16.984472966
49.455576083,16.982641592
49.458534507,16.980122583
49.457578145,16.974639463
49.458710590,16.972257902
49.460349955,16.971364443
49.459691955,16.969244183
49.461649113,16.970251606
49.461849906,16.975788183
49.463278067,16.978474613
49.465346233,16.974278946
49.466890118,16.973847187
49.467593796,16.971511500
49.468391512,16.963116053
49.467980017,16.957412396
49.468439949,16.956579246
49.470704131,16.957010749
49.473388153,16.958921073
49.474876437,16.959139379
49.475873901,16.957441145
49.478554549,16.959256220
49.481049831,16.958857378
49.482069095,16.956945951
49.482814462,16.957408972
49.484577397,16.954410658
49.487404169,16.948387569
49.489018801,16.947490587
49.490875039,16.947173804
49.492163813,16.948723053
49.493018300,16.946783037
49.492204936,16.944643318
49.494276040,16.940505561
49.494494961,16.939062021
49.492164270,16.937347124
49.491718936,16.934770088
49.489239253,16.933259620
49.497012247,16.921873811
49.499835946,16.918447262
49.499594032,16.915008769
49.496858303,16.910658420
49.498460263,16.905617844
49.496081939,16.902543365
49.495761946,16.899027408
49.489786162,16.884395268
49.489176812,16.877699447
49.487420593,16.874479752
49.485880018,16.875887153
49.486593126,16.879455892
49.485352484,16.879957389
49.484869235,16.876843113
49.481477352,16.875228071
49.481152874,16.872323091
49.479165574,16.869828045
49.479184513,16.867718649
49.481498988,16.863210325
49.480052389,16.858705431
49.479020261,16.858287199
49.479074046,16.865435771
49.477477433,16.866947975
49.477206601,16.869075545
49.475771106,16.870564477
49.475782474,16.871925162
49.475234911,16.872259988
49.471547803,16.868140324
49.469511048,16.867859592
49.468917013,16.870863559
49.468616163,16.875953788
49.469019224,16.877756423
49.467081586,16.879838615
49.465537375,16.882122535
49.462302439,16.884140361
49.462636786,16.885200629
49.461773386,16.886064364
49.462391086,16.887568892
49.458024865,16.888108519
49.459832021,16.891017588
49.459787414,16.897144131
49.456201710,16.896663523
49.455715095,16.900944940
49.452426545,16.898849548
49.451443892,16.899955178
49.450216839,16.896000878
49.450011325,16.894706659
49.448221391,16.893778229
49.446714728,16.892495331
49.444081823,16.896055677
49.444256577,16.899557882
49.442628437,16.907266327
49.439563845,16.908734409
49.437738352,16.907413480
49.437452026,16.908256335
49.436573462,16.906368403
49.435407264,16.908233387
49.432974429,16.909152627
49.429524481,16.916000265
49.424087092,16.909814041
49.422769369,16.904256064
49.425428277,16.902406689
49.425987981,16.900665153
49.426115636,16.901745269
49.426975722,16.901363941
49.426980993,16.899712306
49.422705066,16.898122481
49.421900087,16.895724574
49.416869639,16.893942674
49.412615483,16.892010692
49.408703756,16.893781919
49.405199258,16.891573870
49.400470534,16.895288825
49.402046301,16.891741250
49.398223083,16.885121241
49.399428721,16.881320996
49.397862131,16.877174857
49.393847327,16.871073306
49.389143522,16.866405917
49.386809934,16.862820337
49.382671127,16.861661623
49.381806162,16.859590122
49.386693959,16.853325319
49.387991179,16.849018831
49.391199537,16.838187733
49.394109240,16.833811672
49.398903210,16.828830842
49.400148202,16.826330573
49.403424290,16.814879994
49.404474350,16.808060994
49.405659508,16.805908158
49.406621130,16.805357091
49.409185843,16.806886706
49.412149293,16.807641118
49.412570508,16.806928136
49.412469931,16.802971701
49.410418694,16.799970577
49.411227442,16.797271841
49.410774598,16.795686313
49.411720032,16.795220817
49.413963617,16.795775771
49.416313348,16.795101604
49.417576004,16.797416938
49.420148479,16.798663870
49.421407451,16.799745050
49.424178870,16.797841118
49.429233676,16.801259496
49.428608787,16.811235108
49.430286084,16.813932175
49.430968788,16.821502153
49.432479343,16.823222837
49.431726897,16.827015265
49.437361604,16.828226355
49.438683854,16.827466818
49.438416858,16.819623316
49.440119454,16.819267999
49.440685490,16.822640321
49.444145847,16.819308406
49.444525576,16.816016053
49.447731503,16.816222031
49.448143861,16.817618502
49.451094874,16.818062713
49.452462437,16.815330073
49.451550457,16.813505240
49.452460072,16.809110011
49.452318450,16.807049717
49.455562518,16.803207128
49.456569388,16.797996576
49.461172980,16.798407877
49.462087737,16.796853055
49.467894881,16.797541033
49.471114147,16.796625427
49.472382410,16.795345972
49.473092938,16.795816372
49.472945191,16.797348583
49.476387515,16.797177969
49.478996995,16.792657166
49.482772255,16.793251039
49.485017185,16.789740664
49.488029324,16.788968865
49.491491108,16.790525399
49.496132779,16.784004281
49.499156515,16.787733749
49.501764287,16.787129985
49.505908658,16.790853168
49.509285304,16.787494721
49.512521157,16.793785003
49.511514057,16.795970237
49.511961786,16.797484852
49.511291518,16.799177957
49.512578115,16.802374375
49.513196666,16.804929279
49.516095047,16.806713661
49.522305099,16.804318765
49.523976284,16.801663084
49.524957370,16.803704231
49.531537036,16.810118531
49.531746367,16.817258329
49.530128113,16.821219382
49.530480096,16.831246042
49.531948451,16.833281515
49.534237428,16.827885712
49.533446696,16.823995926
49.532045478,16.822415155
49.533778544,16.821976538
49.534040391,16.815638205
49.534970924,16.814572075
49.532839719,16.812237262
49.534100879,16.810850812
49.536374864,16.813948860
49.535592974,16.810985665
49.533539689,16.809128744
49.533153706,16.807061581
49.534177273,16.804058873
49.533507584,16.800363659
49.534153893,16.797399732
49.534270087,16.793301951
49.535711390,16.788669176
49.539742894,16.781110575
49.540942317,16.779360531
49.541590493,16.779844284
49.541934192,16.777415258
49.541901461,16.773332383
49.543112087,16.770431240
49.542023151,16.764081775
49.542753688,16.759075563
49.544083684,16.758562728
49.544374091,16.755173284
49.543086053,16.747133224
49.542925134,16.738793927
49.543003332,16.737833410
49.543245600,16.737192930
49.544622108,16.737091007
49.547768686,16.740328685
49.548941132,16.741968766
49.550995455,16.746961762
49.553067545,16.747153995
49.555808328,16.746994382
49.558630637,16.749495618
49.559794479,16.752468031
49.562028651,16.751299825
49.562789913,16.752764507
49.563528102,16.751669483
49.563547309,16.749907995
49.563585056,16.747389488
49.565641410,16.746003927
49.570893388,16.745455824
49.574922308,16.742911842
49.577285694,16.744529322
49.578447341,16.747861906
49.581670003,16.746080908
49.581686245,16.748541213
49.587416903,16.745105404
49.581693587,16.753230879
49.581501843,16.758445307
49.580243754,16.760525192
49.580558474,16.762073107
49.578200274,16.762755297
49.577965469,16.763808711
49.582031531,16.764553043
49.579043191,16.766194477
49.579435672,16.766903680
49.578048942,16.768561997
49.579298770,16.771478838
49.577880767,16.778594460
49.573854683,16.779873961
49.572745905,16.783471961
49.572788829,16.786199879
49.574259442,16.790230780
49.573196912,16.792532124
49.574973672,16.797338026
49.576209328,16.800849931
49.579368471,16.802087903
49.580378453,16.797700827
49.586493340,16.792866574
49.586952749,16.788366464
49.591867281,16.788962474
49.591085768,16.791669649
49.592915317,16.796719069
49.595496221,16.797831336
49.595233713,16.800462617
49.598024954,16.805302428
49.597696909,16.804605880
49.599092642,16.804390501
49.602276207,16.802425577
49.604597938,16.801341888
49.605499953,16.801706025
49.605755057,16.804899346
49.608792619,16.807003998
49.610882630,16.802539252
49.614579740,16.804900106
49.618478491,16.807037928
49.622975190,16.808138222
49.623183203,16.810911659
49.625285677,16.812038923
49.626995434,16.810731573
49.628867819,16.811403504
49.628293706,16.813847579
49.624198239,16.815966191
49.622407147,16.820843715
49.623384585,16.821651214
49.626278940,16.817833500
49.629353761,16.813351323
49.631186197,16.812250903
49.637582609,16.804651710
49.638544180,16.801794637
49.644231049,16.803374062
49.645306379,16.804685058
49.650597275,16.803388268
49.652725289,16.805020008
49.655071909,16.802978694
49.656835789,16.806423176
49.657075497,16.809529027
49.661153434,16.810589764
49.665031692,16.816267281
49.665577716,16.819758571
49.664933966,16.825555869
49.666218685,16.828084803
49.668141544,16.829366841
49.669406013,16.827762642
49.670882987,16.827143727
49.672070320,16.829261745
49.674014319,16.834875431
49.674609544,16.839761039
49.679775619,16.844593012
49.681345070,16.846530915
49.683522008,16.844112480
49.687389252,16.845008631
49.693003305,16.846331769
49.697683126,16.847212534
49.700662584,16.849013824
49.705734470,16.846488688
49.704772345,16.845026554
49.704591705,16.843645768
49.706851135,16.840048639
49.708107454,16.840773343
49.711240338,16.844761370
49.716959548,16.847498721
49.718961379,16.847824521
49.721331809,16.846782909
49.722561807,16.844419340
49.724620222,16.837713111
49.727002236,16.834589445
49.729824858,16.832493077
49.729276973,16.827637559
49.728799409,16.819840345
49.727378264,16.818093435
49.728822818,16.815017677
49.731606517,16.815003285
49.731965299,16.814301937
49.732222501,16.811113880
49.731308216,16.806741317
49.730927288,16.805987322
49.727061265,16.804850517
49.726241492,16.802173771
49.725928419,16.797494726
49.726863132,16.793497554
49.728568019,16.790955113
49.730018022,16.790584359
49.731709193,16.792564240
49.733661103,16.795857582
49.734764773,16.798905720
49.738606919,16.800485579
49.740330317,16.805856531
49.740986374,16.808312605
49.742515066,16.811254818
49.745365758,16.814145228
49.747636297,16.814470890
49.748592614,16.812199784
49.750381799,16.804630818
49.753382486,16.799239740
49.757874076,16.793481206
49.759914870,16.793708135
49.761847384,16.798829433
49.764749549,16.797770283
49.766629670,16.800143927
49.767858133,16.803302293
49.768556469,16.803314215
49.770024149,16.800797447
49.770857851,16.799965905
49.771435349,16.800742907
49.772442132,16.799860359
49.774193961,16.797054506
49.774516342,16.795315164
49.774430935,16.793380443
49.773804428,16.791755667
49.775069840,16.790957286
49.776901038,16.785743969
49.781927678,16.777947188
49.787383428,16.770991485
49.792992106,16.765519477
49.794791843,16.764867228
49.798039918,16.760682597
49.801889981,16.759736013
49.804634285,16.756380425
49.806606781,16.756674016
49.811054351,16.758889167
49.815110052,16.757250330
49.816695763,16.759934574
49.817802760,16.760123417
49.820657447,16.753502278
49.823476641,16.751369593
49.825475064,16.745056865
49.826948012,16.744912748
49.826561449,16.739817376
49.827747456,16.738656591
49.831925267,16.736819980
49.834067805,16.736554965
49.839641077,16.738182742
49.841377633,16.739504993
49.843047493,16.736702518
49.844395549,16.735978289
49.846417937,16.735750957
49.848154896,16.737210278
49.849846656,16.738670143
49.852344922,16.737526440
49.856608959,16.737343789
49.860157117,16.738711110
49.861766097,16.740120032
49.866055098,16.746647013
49.867387974,16.749730606
49.866701916,16.751446912
49.865663161,16.753582301
49.867935270,16.760213173
49.869686037,16.763652171
49.871763545,16.766733534
49.873184793,16.765703075
49.873776398,16.766639503
49.875395427,16.769466289
49.877325430,16.764114571
49.878828404,16.759790907
49.883947431,16.758890446
49.888980429,16.753702017
49.894911257,16.750005228
49.897587701,16.754753924
49.901411949,16.756992353
49.905234214,16.754057374
49.908864292,16.753067357
49.912872836,16.757203875
49.916739954,16.755054794
49.920399039,16.756863355
49.922428039,16.749925564
49.925272590,16.745523636
49.931313849,16.751480794
49.933687701,16.744300902
49.939793392,16.739200622
49.944991286,16.738395955
49.948309115,16.733121530
49.950305112,16.734143152
49.959054620,16.732523493
49.967446843,16.735973459
49.971938985,16.729365682
49.976960570,16.729548934
49.983028489,16.722981708
49.987538744,16.715987464
49.999542356,16.711594493
50.002671702,16.720947924
50.002195488,16.732714462
50.001327712,16.738255389
50.000527933,16.742812807
49.995469091,16.748551503
49.994582446,16.748938807
49.996279033,16.754705644
49.997759032,16.754004748
49.998910072,16.756557326
50.004933821,16.761353554
50.006510209,16.763518259
50.008747291,16.769401471
50.015839494,16.766946180
50.018936376,16.769666972
50.017711646,16.775435855
50.019344761,16.778305026
50.024180045,16.781466789
50.025755179,16.788266901
50.027104848,16.792689189
50.029790508,16.794160334
50.029864227,16.805353059
50.032440556,16.808945244
50.037192048,16.808091933
50.040810385,16.810921966
50.044232801,16.818730001
50.049624903,16.812126047
50.052407889,16.807975268
50.054000012,16.808656762
50.056628689,16.813424622
50.059106760,16.813573840
50.065284694,16.803632271
50.068057305,16.798399849
50.070078650,16.799144323
50.077288890,16.806945554
50.084024772,16.819097656
50.085589279,16.824314091
50.088474977,16.817667100
50.093925494,16.816057102
50.095439411,16.815852868
50.104878726,16.807071732
50.108496757,16.805368227
50.110847783,16.809111402
50.111962432,16.819429679
50.116000270,16.826468608
50.127048575,16.825157845
50.129426060,16.827699466
50.127860731,16.830219412
50.125067202,16.830884204
50.126142583,16.832886494
50.132682347,16.835223638
50.135383796,16.834266047
50.141452938,16.838337644
50.144711814,16.839612758
50.148226311,16.843472674
50.150541149,16.843618017
50.152172419,16.845155228
50.155447621,16.845065078
50.161914028,16.849541982
50.165735893,16.849516279
50.168994054,16.852395825
50.171670131,16.860061517
50.176726463,16.865358513
50.183889602,16.863673288
50.188258359,16.866542799
50.193764285,16.863466002
50.197007562,16.863306193
50.198507651,16.862627918
50.198553168,16.863440044
50.198238908,16.869394203
50.197119780,16.872247675
50.197220433,16.875593081
50.198671737,16.880142703
50.199767146,16.881803249
50.201064146,16.883044478
50.204359198,16.884372788
50.206792291,16.884229713
50.212286098,16.883563870
50.213631099,16.884497063
50.216296633,16.888114947
50.217316211,16.891634664
50.218486100,16.897335156
50.219386495,16.897834134
50.221841700,16.897334004
50.222834298,16.898157536
50.225489480,16.911796571
50.226656796,16.919136312
50.225511133,16.924323168
50.223179919,16.928946399
50.223870500,16.935113503
50.223347173,16.941514794
50.223423000,16.945920276
50.221989218,16.949778978
50.223930220,16.956692551
50.227429631,16.959446245
50.230662882,16.965413186
50.235018311,16.961448594
50.238200129,16.961185367
50.240591593,16.963277614
50.243308979,16.967004242
50.245130395,16.971236171
50.245514944,16.974460053
50.245152879,16.976109809
50.244239983,16.977802469
50.241370378,16.980818775
50.239590237,16.981424874
50.234425038,16.982250486
50.230440603,16.987872244
50.225961334,16.993256865
50.216389572,16.997752461
50.216593615,17.002351988
50.220013913,17.015857885
50.226923753,17.021438212
50.230343842,17.028100126
50.231308838,17.027757024
50.234394944,17.024692547
50.240615398,17.014173833
50.241894259,17.011087548
50.243055781,17.010277751
50.247464257,17.011185711
50.248859987,17.010788227
50.251125373,17.007093860
50.253854427,17.002237751
50.256608154,17.001651079
50.258668633,17.004988993
50.262011872,17.011801444
50.264451201,17.014365630
50.267640718,17.016869263
50.271813324,17.019045959
50.275916276,17.019906810
50.277697734,17.019608150
50.281264536,17.018098648
50.289007849,17.013229266
50.295457597,17.007972340
50.296079497,17.003416228
50.300643709,17.003152345
50.302706906,17.000724702
50.301807713,16.995853336
50.303098248,16.988012921
50.306041137,16.979611158
50.308044480,16.971905770
50.315074044,16.967648317
50.313544876,16.962016828
50.311882463,16.959837931
50.312986154,16.950438397
50.315497597,16.945379229
50.317567043,16.945377690
50.320487264,16.939126595
50.327145731,16.936234712
50.330355270,16.933666379
50.333243738,16.937154666
50.338645557,16.935482038
50.342575152,16.936002062
50.348755360,16.925225696
50.358004323,16.918615319
50.359952528,16.917740894
50.362474274,16.914754306
50.366612226,16.916095317
50.369628590,16.918374735
50.375774459,16.915524985
50.382179273,16.913852166
50.384929477,16.909680496
50.389134675,16.909314445
50.390565910,16.906103010
50.388970035,16.897876766
50.392710852,16.893252188
50.395668902,16.891529946
50.397145386,16.888974587
50.400900848,16.876125355
50.402263592,16.872385510
50.408328933,16.863472384
50.407368712,16.859655549
50.410030237,16.859179995
50.414562758,16.864248055
50.416741221,16.868716286
50.421906051,16.868779287
50.429151732,16.875779789
50.432441037,16.875096138
50.434017535,16.877198464
50.436001797,16.880514979
50.437011152,16.880614232
50.440496192,16.879042181
50.441845715,16.879650278
50.442894122,16.881119454
50.444438927,16.885201663
50.444313187,16.888230523
50.443526526,16.893486983
50.444696150,16.895491793
50.448426704,16.899629631
50.447909186,16.904216258
50.449196171,16.907400572
50.448272579,16.910341332
50.443713150,16.919420113
50.440881453,16.923189189
50.439072953,16.927752927
50.435961413,16.938410006
50.434045652,16.947565071
50.427580880,16.960097958
50.420317832,16.973698148
50.418263095,16.974879871
50.420408789,16.984135771
50.428155070,16.998326908
50.424345595,17.007744958
50.418827298,17.013986323
50.422158484,17.020006868
50.421887856,17.025533688
50.415298763,17.031026330
50.415444918,17.038374749
50.410850592,17.045225558
50.407595623,17.053775386
50.405168904,17.073804421
50.402668874,17.083155380
50.406028048,17.084516748
50.406514155,17.105655437
50.405259006,17.111524806
50.394251871,17.112179488
50.394922227,17.123377287
50.389321557,17.132336841
50.381145400,17.144095530
50.382416565,17.152602879
50.380670329,17.157331396
50.384120689,17.162794480
50.385981563,17.178113740
50.388417141,17.182843570
50.390083545,17.183330922
50.388871799,17.193457600
50.386186817,17.203867920
50.383923929,17.203515667
50.381378620,17.202279448
50.376175404,17.199460566
50.365469250,17.200430448
50.357728215,17.213149097
50.355188861,17.215113152
50.346065120,17.224730185
50.340401530,17.238185960
50.334173856,17.247768636
50.332264072,17.248277183
50.329483649,17.258667990
50.327943410,17.265985184
50.322180884,17.273960004
50.318011919,17.289696749
50.320707637,17.305889930
50.320647837,17.312663983
50.327283501,17.327074941
50.329378243,17.348595221
50.325643936,17.352700585
50.322715324,17.349070729
50.322993703,17.341861153
50.313578160,17.339501468
50.312512615,17.342089664
50.312080468,17.349150577
50.307672993,17.354329274
50.304608949,17.351851049
50.298317714,17.346745670
50.290637043,17.345545704
50.288167040,17.348925720
50.284021845,17.338745663
50.282283742,17.341438872
50.279109901,17.344511384
50.275158965,17.344307859
50.268314019,17.347060475
50.264647168,17.350510772
50.264923366,17.354759215
50.265880907,17.359072583
50.265713402,17.361869924
50.266982097,17.362551592
50.270419132,17.362300481
50.281391678,17.362995081
50.283061921,17.367877738
50.283398219,17.380160360
50.283428806,17.389019139
50.280039921,17.402138794
50.274492704,17.405582368
50.277905207,17.421058597
50.270641739,17.425954849
50.263231663,17.431690383
50.259662326,17.428611530
50.255087656,17.430131206
50.244099002,17.428287815
50.238071799,17.424177314
50.230680342,17.426293658
50.224970013,17.424082132
50.219910938,17.425074853
50.216923750,17.422938579
50.211179745,17.422796442
50.211319361,17.421704255
50.208899222,17.415052297
50.210135954,17.401888506
50.209164920,17.397627994
50.212157697,17.390465098
50.222663321,17.379387962
50.223016229,17.375942699
50.212325938,17.371401311
50.208933707,17.366719472
50.205016130,17.358284831
50.203010954,17.357137370
50.197782040,17.351988057
50.189442764,17.347511085
50.184844216,17.337331229
50.190268684,17.320396118
50.187434764,17.310020216
50.180143503,17.302731245
50.175255519,17.303286164
50.172741677,17.300398373
50.170125547,17.293198903
50.173455164,17.284328218
50.169646438,17.281400653
50.166838104,17.280850713
50.164979828,17.279047492
50.162509131,17.275146502
50.161796419,17.272892566
50.161013834,17.271811045
50.149196067,17.259325963
50.149345281,17.255862546
50.146030764,17.245844001
50.142982198,17.239569840
50.138705242,17.240640474
50.136764777,17.243351840
50.133379664,17.243253620
50.128044374,17.242892557
50.122502031,17.248048113
50.116336405,17.246570293
50.110573340,17.237697181
50.107421553,17.228700500
50.102370107,17.221507116
50.086977016,17.230261817
50.082084836,17.229770657
50.077810686,17.230462760
50.076055582,17.229300051
50.071302659,17.232244934
50.063429034,17.234146931
50.054658905,17.227434972
50.046677334,17.219647570
50.044334676,17.210063748
50.040925991,17.206239962
50.036520565,17.201673863
50.032860248,17.190600503
50.028680571,17.185485150
50.019816563,17.180872220
50.012581116,17.169742110
50.000660565,17.168868555
49.995980776,17.173201129
49.988765063,17.171587747
49.988055263,17.168305493
49.984735461,17.160312833
49.984391080,17.155428135
49.979241856,17.158647108
49.974722754,17.170323487
49.963264314,17.189693344
49.957928082,17.195339587
49.955882333,17.198636271
49.955203101,17.197493933
49.950933461,17.200354173
49.949675292,17.201997410
49.946895282,17.196312664
49.944308887,17.198793591
49.942105916,17.196584631
49.939634886,17.194981715
49.940494566,17.191650452
49.938956514,17.191340642
49.936934966,17.189843219
49.936647986,17.191272375
49.932930155,17.190091838
49.932976841,17.184395575
49.933178028,17.181922916
49.932794592,17.179632200
49.931593541,17.178249891
49.929293996,17.177763724
49.926833542,17.172987368
49.923890739,17.172475707
49.923488570,17.170595677
49.924042372,17.170218284
49.923576035,17.167907379
49.922922454,17.168417910
49.923150039,17.166357210
49.921928451,17.164383855
49.921639589,17.162302933
49.917582483,17.162165851
49.917597915,17.163515324
49.916524245,17.163818454
49.914875810,17.162091103
49.913123983,17.161275565
49.912915271,17.166127387
49.911330536,17.171221410
49.911715467,17.175898002
49.906048804,17.170871365
49.902546736,17.171071098
49.901017571,17.169370208
49.901728890,17.166411074
49.898247825,17.163737291
49.896332237,17.164711448
49.893292371,17.158542323
49.890791607,17.157327938
49.890808513,17.154950296
49.889531262,17.154763506
49.888784759,17.151071417
49.887820738,17.148480547
49.885819623,17.150220900
49.883636373,17.151523823
49.882797537,17.147526372
49.881127154,17.148101804
49.881068479,17.146231452
49.878108988,17.146715915
49.877022134,17.148341261
49.875776900,17.155996876
49.869559376,17.160985768
49.863855553,17.159707570
49.863522326,17.161529257
49.865296433,17.162685799
49.866464434,17.166471380
49.863995597,17.170332338
49.857879555,17.172023256
49.848472973,17.178560273
49.847332762,17.182986980
49.843937963,17.184978484
49.850012060,17.193503396
49.850858636,17.198758034
49.848609053,17.206996418
49.849077930,17.208796377
49.852084139,17.206799457
49.854435360,17.209761668
49.852597029,17.216406193
49.854767239,17.218528950
49.859549295,17.221640344
49.859698567,17.225351903
49.854062853,17.223571118
49.844693490,17.221202173
49.832977778,17.212034522
49.825756717,17.208801555
49.826020747,17.213998530
49.825005510,17.214647103
49.824390976,17.212410992
49.822592219,17.212541033
49.822870992,17.215034264
49.822078700,17.215078497
49.821562634,17.217158202
49.819175677,17.215877644
49.819774657,17.218432972
49.822589595,17.222421282
49.820836788,17.223961385
49.821175307,17.226823808
49.821717071,17.226258387
49.823633675,17.227673523
49.824160799,17.231639724
49.826168741,17.233211447
49.824757143,17.235000339
49.824831230,17.236849284
49.825906018,17.240766195
49.824419059,17.246996592
49.825155844,17.251282667
49.824125530,17.252541668
49.823705972,17.251638337
49.820791571,17.254929845
49.821114534,17.259529228
49.817539855,17.269421705
49.818283666,17.274111267
49.816768603,17.277816298
49.811789961,17.279078957
49.813527035,17.279960573
49.814855581,17.283348345
49.811845115,17.291216111
49.811314405,17.290688543
49.809739333,17.290641839
49.807829400,17.296512666
49.808977562,17.304292158
49.807250127,17.311615601
49.806982653,17.316199022
49.805872131,17.323715270
49.803643151,17.321772324
49.799174976,17.323675405
49.802534374,17.326202758
49.807212685,17.333551142
49.807221371,17.345471427
49.809677439,17.349147037
49.812849266,17.356698916
49.804968596,17.368045518
49.805575477,17.368213305
49.806282004,17.369810763
49.798558843,17.378952537
49.792909182,17.384321858
49.790306026,17.389298721
49.788667602,17.389817972
49.788329072,17.395038755
49.785118258,17.397695078
49.783301786,17.402586557
49.781693064,17.405972210
49.778202727,17.408926150
49.775960820,17.409784945
49.774380807,17.409774381
49.774101735,17.406066851
49.773006396,17.406460413
49.771215140,17.406562520
49.770994875,17.408512133
49.768855127,17.413481161
49.766670615,17.417439887
49.764870413,17.419104781
49.763512674,17.419794091
49.761476521,17.411385003
49.760952555,17.410995586
49.755899533,17.426627774
49.755682579,17.429293825
49.757792528,17.433262571
49.758878805,17.435156436
49.761756650,17.443620920
49.762275937,17.446669487
49.761766452,17.452658274
49.757898553,17.466626368
49.755928465,17.474683409
49.758394759,17.478589544
49.757575136,17.483542844
49.754866987,17.486607398
49.749729702,17.489394259
49.746287060,17.493283618
49.743218741,17.500280885
49.742017868,17.510438820
49.740262219,17.516336739
49.740193602,17.519881417
49.742480119,17.524354831
49.746399025,17.527545310
49.753297407,17.530899409
49.753366143,17.528368734
49.756102347,17.530396893
49.756305348,17.529301731
49.757355616,17.531671319
49.760929948,17.533670757
49.759605460,17.538238891
49.757408315,17.541407533
49.756271531,17.551931028
49.752121354,17.566177463
49.751207907,17.566742566
49.743409678,17.575315219
49.736124742,17.582112475
49.733688666,17.589042707
49.733960124,17.601528366
49.735739638,17.609618927
49.740938976,17.610751391
49.742714834,17.618057868
49.746957979,17.624369350
49.746314549,17.629789990
49.750907734,17.633272569
49.749538407,17.637905746
49.746569029,17.645324713
49.747001130,17.648935776
49.747201530,17.651691110
49.746020433,17.654091217
49.741254684,17.658132419
49.740384859,17.659860930
49.741252238,17.665463820
49.741481695,17.667339555
49.741339119,17.670168698
49.740814422,17.672696690
49.739374768,17.675986310
49.737969069,17.678178058
49.736953287,17.677860483
49.735010006,17.674553975
49.734150887,17.674198407
49.733376633,17.677058048
49.731812998,17.677629928
49.731293464,17.683195699
49.729215973,17.684365354
49.728228667,17.685516858
49.728133687,17.688561954
49.729163388,17.691391615
49.732049675,17.692376173
49.735616916,17.695356599
49.734610213,17.697965243
49.732376445,17.698727053
49.727353708,17.696531764
49.726392370,17.696919643
49.725489573,17.700199514
49.723830326,17.696069215
49.720929831,17.694106080
49.720825718,17.691498334
49.715366532,17.687999968
49.713756403,17.685429146
49.709792377,17.682115492
49.706760385,17.680732798
49.704365278,17.680836494
49.700199576,17.682872925
49.695336840,17.684585118
49.693161319,17.686233118
49.689669624,17.686285118
49.687891288,17.687187867
49.685049625,17.685454791
49.682822658,17.686256658
49.679932412,17.687180075
49.676334196,17.690194046
49.672596207,17.701654045
49.669284037,17.709726874
49.666581933,17.719084046
49.662952264,17.718048915
49.661857526,17.721892820
49.666961208,17.725500457
49.667020499,17.726630020
49.665413330,17.727678796
49.666281277,17.728592095
49.667001132,17.729893977
49.666422681,17.732873596
49.670243607,17.734387509
49.677188695,17.734851093
49.679428599,17.736802344
49.678299444,17.742032409
49.676737691,17.743237205
49.677537053,17.744213674
49.670502930,17.752456075
49.660422474,17.758401967
49.656073876,17.766267202
49.651543054,17.773061020
49.647328932,17.766800268
49.644827249,17.767844156
49.641712316,17.774608302
49.639430972,17.776013760
49.636550509,17.775413348
49.632598754,17.778022760
49.635471448,17.784659685
49.634189489,17.789028150
49.627462338,17.797611808
49.622434270,17.814683347
49.613837251,17.821163293
49.609415546,17.830888581
49.605244112,17.834523294
49.602201395,17.838463521
49.597975431,17.840276606
49.598495494,17.844308209
49.594362501,17.846167272
49.594409505,17.849080391
49.592429120,17.846148011
49.589196838,17.848577035
49.590141604,17.849887040
49.589248558,17.850811405
49.590148097,17.852272264
49.588552830,17.853838465
49.583650628,17.852634112
49.580897201,17.861296503
49.581242762,17.864529271
49.580025034,17.862117563
49.579161477,17.863995477
49.578123595,17.862483377
49.575777611,17.866309234
49.575571724,17.864515089
49.571346335,17.863302388
49.570174626,17.860298849
49.571530225,17.853033166
49.564692711,17.842986745
49.562758397,17.843103793
49.562911668,17.847949047
49.558587851,17.852062475
49.557923783,17.855165073
49.553780132,17.855177308
49.550648600,17.854748860
49.547308364,17.859462063
49.546122993,17.862759149
49.546130035,17.863945067
49.547190420,17.865817034
49.552015120,17.868295842
49.557623458,17.870486128
49.559663363,17.871997426
49.560318402,17.872972821
49.560494597,17.874631123
49.560892288,17.878841458
49.564562266,17.879065563
49.565962607,17.880483733
49.567593595,17.883138510
49.567399408,17.884889866
49.566409669,17.885557367
49.565092576,17.888366975
49.563545982,17.895139654
49.563458560,17.898699302
49.564801211,17.899635057
49.566756526,17.900574656
49.566774050,17.902551724
49.565740025,17.902776667
49.565770477,17.904361821
49.565264809,17.903902174
49.565284034,17.906367553
49.564418016,17.906685555
49.562963669,17.900560444
49.562087603,17.898875621
49.558726150,17.901271787
49.555573179,17.908726324
49.554525382,17.908511280
49.551291490,17.905174402
49.549751107,17.907679072
49.547702372,17.908456134
49.546968217,17.911924844
49.546051807,17.912138972
49.542425798,17.909638574
49.541068911,17.910027971
49.540760432,17.911072703
49.542066318,17.912087981
49.542237896,17.913429935
49.541842099,17.916396713
49.537729444,17.916929447
49.533100482,17.914373988
49.526832803,17.913272145
49.524855805,17.910863485
49.520530993,17.903038761
49.517043369,17.899028123
49.515860063,17.899003234
49.512870088,17.900825431
49.511161940,17.899728526
49.509963109,17.897657403
49.508747283,17.892684832
49.508680993,17.887720718
49.509664877,17.885290101
49.513717011,17.878857143
49.513514118,17.876774103
49.512883858,17.874709727
49.511972889,17.873813989
49.514233056,17.871127361
49.515082671,17.864459951
49.516106075,17.864006463
49.518024323,17.863366223
49.518836116,17.857586866
49.518409024,17.854899585
49.518198072,17.852180298
49.520407582,17.849862775
49.521735165,17.845172524
49.523293659,17.843144498
49.521981795,17.839015579
49.519716680,17.843424706
49.516538748,17.842826310
49.512922221,17.840628400
49.510737212,17.841386699
49.510243014,17.839309691
49.509481542,17.838982168
49.505230355,17.840047121
49.503635112,17.838884064
49.501623168,17.832980559
49.500584712,17.825316243
49.500706986,17.821023213
49.500531458,17.817640117
49.502452729,17.814591604
49.498595067,17.810944169
49.495527129,17.812034941
49.490722972,17.808868577
49.489345260,17.804569456
49.487015472,17.791645144
49.488702016,17.787558132
49.485926652,17.786456094
49.478553143,17.795980452
49.474080425,17.798636948
49.470351442,17.799996094
49.468418969,17.792486726
49.467059029,17.794648222
49.465724731,17.790781765
49.463550841,17.790221065
49.459872999,17.782082238
49.458993000,17.776622723
49.456050812,17.778597376
49.456832169,17.782121486
49.455629822,17.781050828
49.454932847,17.782971266
49.449520087,17.779465787
49.447375083,17.776990330
49.443967105,17.777829841
49.440889651,17.778759449
49.439551165,17.774835052
49.438283402,17.774477688
49.437669937,17.772692563
49.439121252,17.770256982
49.438317224,17.765020349
49.439904939,17.763947166
49.439535657,17.753960976
49.436377183,17.746841456
49.436208537,17.743165386
49.435150005,17.741495356
49.435264082,17.740249432
49.434553934,17.740601349
49.433902136,17.738788938
49.434715926,17.738210348
49.435955862,17.730073736
49.438737849,17.725176918
49.438009579,17.720180585
49.439357886,17.717701247
49.440462901,17.718199582
49.442504987,17.713023880
49.442816272,17.710572155
49.444931539,17.709566901
49.448193912,17.713754981
49.449976648,17.713517693
49.449883760,17.709915601
49.451031658,17.709931205
49.451564110,17.706515045
49.454407677,17.703975328
49.453997357,17.701688794
49.457675978,17.695369829
49.463226819,17.692650782
49.461092594,17.689497660
49.459074221,17.686172962
49.462892517,17.680377904
49.462273236,17.676159157
49.460923399,17.674762890
49.457227261,17.673545350
49.454639274,17.671251204
49.455038554,17.669364911
49.453067812,17.670661638
49.452395148,17.669263768
49.450676055,17.670982705
49.449432523,17.668374705
49.447000106,17.670538498
49.445627023,17.669944010
49.442181055,17.670747974
49.439560067,17.664675604
49.440711020,17.658113545
49.443519638,17.656490677
49.446238950,17.651942489
49.450906824,17.648241149
49.448448180,17.639247209
49.449582042,17.637564792
49.448808459,17.633947513
49.448856933,17.631361030
49.446266313,17.629773446
49.449175836,17.624956136
49.446921863,17.621798998
49.444701736,17.625489911
49.443810215,17.625386458
49.442665212,17.623222628
49.440257492,17.623870983
49.436220815,17.631942070
49.434254346,17.636382975
49.431639554,17.634988829
49.429737685,17.636625186
49.423798275,17.644356590
49.422408803,17.649227522
49.421469622,17.648468538
49.420426704,17.646809887
49.419949971,17.644491912
49.419058230,17.644733029
49.417889028,17.645933307
49.416025319,17.649378230
49.415020717,17.650255742
49.414153058,17.649982376
49.411572530,17.647290970
49.407161831,17.639079923
49.407013459,17.637118605
49.406924938,17.634207410
49.405481625,17.632876255
49.403552638,17.631954937
49.401025526,17.631692360
49.400109918,17.630609063
49.398382611,17.626437615
49.398001612,17.624839603
49.397658002,17.622231581
49.397770742,17.617881540
49.399029576,17.614719343
49.397689668,17.611453924
49.399647760,17.612737764
49.400345598,17.611606800
49.400099592,17.610632091
49.397708202,17.608394139
49.399293158,17.604813384
49.398911209,17.603398065
49.397925817,17.599942628
49.398562861,17.599436210
49.399106075,17.600623579
49.399740904,17.597018695
49.398262155,17.595019409
49.397942709,17.591614276
49.400179327,17.593161324
49.402377079,17.592948811
49.404611319,17.591510048
49.405858132,17.589347996
49.406970987,17.586300999
49.408199332,17.580331658
49.407933299,17.577658589
49.405646710,17.570212894
49.406623548,17.567909457
49.405963436,17.566300491
49.403650286,17.549464804
49.403254079,17.548470832
49.405405969,17.547344525
49.406593951,17.545391708
49.403185101,17.538970112
49.403729840,17.538580169
49.401743172,17.532228847
49.396957370,17.529368639
49.396715240,17.525642351
49.398099597,17.523224459
49.399650168,17.524184200
49.400223210,17.522515153
49.401928949,17.522490093
49.402418233,17.521359261
49.401516280,17.516476898
49.399808826,17.515609639
49.402193835,17.504230625
49.401109749,17.504949570
49.398612527,17.514538517
49.393895738,17.510194640
49.393613151,17.512171049
49.390887223,17.514944167
49.385509599,17.515477679
49.381958165,17.514592738
49.380810264,17.511700972
49.378788207,17.510571987
49.379434808,17.509071113
49.377418118,17.504573927
49.366762138,17.492271451
49.360033160,17.482102140
49.356069401,17.476689351
49.354859603,17.473120263
49.365940987,17.469343147
49.370203857,17.466317749
49.369787935,17.463879501
49.372227604,17.462026865
49.373364642,17.458002603
49.374714556,17.456633441
49.376375528,17.454325658
49.377190938,17.447791593
49.379605736,17.449118540
49.380043356,17.438335233
49.381143939,17.435315558
49.379747470,17.434093781
49.379674256,17.428522656
49.377032220,17.430169417
49.375796599,17.430629968
49.374584440,17.428754254
49.378890029,17.425560568
49.378825878,17.418005242
49.378118974,17.413989855
49.382519986,17.415002497
49.385583642,17.410894844
49.384818333,17.404970948
49.388734309,17.389430085
49.380979755,17.389106809
49.381860064,17.385202629
49.380329313,17.374390028
49.382898424,17.374721719
49.384631677,17.373001752
49.388419153,17.375574224
49.399250704,17.377247591
49.405131201,17.384163636
49.406353383,17.378114093
49.409441393,17.375960410
49.413078123,17.369809343
49.411969281,17.368575803
49.410051745,17.369250017
49.409905894,17.365837850
49.410124842,17.363186472
49.408001499,17.364315495
49.408184179,17.362227678
49.408528887,17.360836903
49.407528928,17.360035924
49.408621982,17.357915082
49.407669323,17.354607732
49.406254431,17.355370234
49.405866206,17.353117698
49.403604890,17.353502166
49.400679928,17.351848790
49.398731104,17.349355129
49.398194588,17.350993325
49.396600205,17.349236949
49.396951544,17.348093191
49.394348829,17.343436338
49.394193876,17.341866335
49.392648378,17.343408637
49.390089247,17.338730614
49.391032230,17.337374555
49.389171467,17.334991820
49.384390051,17.335529869
49.382726673,17.336501640
49.383652164,17.333326993
49.377690086,17.333630727
49.376398080,17.335178867
49.376048762,17.333961170
49.370971586,17.337630718
49.368831435,17.336666349
49.366438625,17.339082765
49.363945138,17.342042579
49.361213403,17.342558908
49.360287347,17.341223627
49.357043361,17.351638224
49.355685825,17.350335955
49.352562073,17.353192821
49.349197868,17.352723291
49.348428935,17.351863814
49.342791098,17.355108862
49.342351377,17.346143553
49.340457032,17.342956204
49.341051957,17.340824271
49.339914768,17.338594866
49.338879457,17.339497403
49.335350461,17.334920915
49.333047019,17.334088407
49.334582488,17.331831561
49.334335494,17.328976252
49.335047204,17.327118515
49.334412798,17.326106635
49.331578708,17.326576759
49.330986467,17.316683815
49.331654473,17.314851953
49.330420798,17.313657024
49.321465659,17.311969347
49.317614235,17.309977226
49.315310250,17.307461370
49.314883703,17.302956395
49.313640759,17.302739335
49.313502298,17.304092636
49.312464824,17.303838967
49.311853464,17.299692531
49.308443354,17.298381239
49.305521705,17.291771201
49.303069708,17.290884875
49.303024723,17.293959398
49.302120815,17.294234364
49.298055692,17.284345614
49.297286607,17.280984370
49.295045191,17.276380534
49.296357509,17.272233985
49.293980030,17.271246270
49.299723638,17.259922493
49.298941642,17.257902337
49.301986291,17.255112269
49.299894954,17.255053140
49.298169216,17.253668544
49.296298631,17.250390140
49.294545227,17.244688868
49.294294070,17.241898819
49.296515601,17.235386586
49.297431218,17.232357595
49.297506315,17.229376547
49.297168344,17.227084664
49.293762264,17.222948255
49.293705660,17.220838236
49.294189717,17.216836739
49.293771259,17.215344611
49.293299800,17.216288563
49.292225350,17.214783737
49.291186070,17.215612755
49.289224969,17.213678507
49.288638762,17.211939438
49.288653476,17.210745725
49.290533161,17.204800857
49.293505547,17.199554612
49.296379490,17.199003688
49.295693238,17.196393570
49.296853781,17.193970142
49.295667675,17.191319271
49.292652989,17.193995242
49.290113904,17.195104397
49.287831160,17.183734070
49.284643036,17.178266284
49.280022564,17.178507752
49.278898008,17.182023443
49.271834776,17.179888188
49.272107659,17.178952650
49.266976279,17.177609652
49.269722261,17.176762492
49.269834269,17.174893176
49.268205128,17.174857600
49.269726596,17.173806188
49.270473184,17.167985850
49.271477039,17.164428172
49.273983475,17.163375330